Datetime,AAPL,ABNB,ADBE,ADI,ADP,ADSK,AEP,ALNY,AMAT,AMD,AMGN,AMZN,APP,ARM,ASML,AVGO,AXON,AZN,BKNG,BKR,CCEP,CDNS,CEG,CHTR,CMCSA,COST,CPRT,CRWD,CSCO,CSGP,CSX,CTAS,CTSH,DASH,DDOG,DXCM,EA,EXC,FANG,FAST,FER,FTNT,GEHC,GILD,GOOG,GOOGL,HON,IDXX,INSM,INTC,INTU,ISRG,KDP,KHC,KLAC,LIN,LRCX,MAR,MCHP,MDLZ,MELI,META,MNST,MPWR,MRVL,MSFT,MSTR,MU,NFLX,NVDA,NXPI,ODFL,ORLY,PANW,PAYX,PCAR,PDD,PEP,PLTR,PYPL,QCOM,REGN,ROP,ROST,SBUX,SHOP,SNPS,STX,TEAM,TMUS,TRI,TSLA,TTWO,TXN,VRSK,VRTX,WBD,WDAY,WDC,XEL,ZS
2026-01-07 14:30:00+00:00,262.1549987792969,138.3800048828125,338.54998779296875,290.8399963378906,262.04998779296875,295.57000732421875,115.25,413.989990234375,290.3999938964844,208.72999572753906,332.9422912597656,240.14999389648438,619.0,114.25,1227.0699462890625,338.4200134277344,617.7899780273438,94.83000183105469,5344.8349609375,49.45000076293945,85.53500366210938,315.3299865722656,350.3500061035156,211.35499572753906,27.600000381469727,891.5499877929688,39.1349983215332,465.20001220703125,75.1449966430664,67.88500213623047,36.18000030517578,188.08999633789062,84.78500366210938,228.1300048828125,138.47999572753906,69.33000183105469,204.25999450683594,43.904998779296875,144.375,41.154998779296875,67.58999633789062,78.88999938964844,86.68499755859375,122.94000244140625,315.9150085449219,315.7300109863281,205.16009521484375,707.6849975585938,175.50999450683594,40.44499969482422,650.0050048828125,596.1500244140625,27.46500015258789,23.62420082092285,1359.0,438.05499267578125,203.36000061035156,320.3599853515625,73.37000274658203,52.84000015258789,2173.030029296875,657.780029296875,75.30000305175781,987.3250122070312,85.66999816894531,479.9649963378906,166.0399932861328,340.7799987792969,91.76000213623047,187.375,242.75999450683594,169.2449951171875,90.78500366210938,187.8000030517578,111.58999633789062,116.90499877929688,121.4749984741211,139.7274932861328,178.3699951171875,59.970001220703125,182.04010009765625,783.489990234375,436.0,187.3300018310547,88.72000122070312,167.0800018310547,509.2099914550781,315.6600036621094,158.01499938964844,199.22999572753906,131.58999633789062,433.5101013183594,254.9499969482422,190.30999755859375,222.43499755859375,468.7799987792969,28.344999313354492,211.99000549316406,207.09500122070312,74.6771011352539,223.16000366210938
2026-01-07 14:31:00+00:00,263.0849914550781,138.61000061035156,339.6449890136719,291.2749938964844,261.7690124511719,295.5392150878906,115.06500244140625,410.7200012207031,291.30999755859375,207.9600067138672,333.1499938964844,240.9499969482422,618.2205200195312,114.4749984741211,1226.3499755859375,337.53009033203125,611.5999755859375,94.87000274658203,5347.0,49.36199951171875,85.03500366210938,314.8966979980469,346.5299987792969,212.0500030517578,27.5487003326416,890.9500122070312,39.150001525878906,467.0,75.01000213623047,67.41999816894531,36.087501525878906,188.35000610351562,84.7249984741211,228.2100067138672,138.6300048828125,69.3499984741211,204.25999450683594,43.900001525878906,144.09500122070312,41.06800079345703,67.57499694824219,78.95999908447266,86.86499786376953,123.05000305175781,316.2900085449219,315.9800109863281,205.46670532226562,707.6799926757812,175.05499267578125,40.80500030517578,650.4749755859375,596.5750122070312,27.420000076293945,23.600000381469727,1368.0,438.05499267578125,203.0399932861328,320.79998779296875,73.77999877929688,52.93000030517578,2167.39990234375,656.77001953125,75.30999755859375,991.0900268554688,85.47000122070312,478.05999755859375,165.3074951171875,341.3500061035156,91.83910369873047,187.05499267578125,243.3000030517578,169.3699951171875,90.83499908447266,188.1199951171875,111.54499816894531,117.16999816894531,121.25499725341797,139.75250244140625,177.810302734375,60.02000045776367,182.86000061035156,787.9990234375,436.45001220703125,187.47000122070312,88.91999816894531,166.0500030517578,510.6600036621094,316.4390869140625,157.97000122070312,199.30499267578125,131.55999755859375,432.4599914550781,254.8350067138672,189.76499938964844,222.1999969482422,471.2550048828125,28.375,212.48800659179688,207.0800018310547,74.73999786376953,223.00999450683594
2026-01-07 14:32:00+00:00,262.9549865722656,138.7899932861328,339.3299865722656,290.3949890136719,261.7276916503906,295.82000732421875,115.02179718017578,411.82000732421875,293.5450134277344,207.9635009765625,333.1700134277344,241.05999755859375,613.6900024414062,114.79000091552734,1230.68994140625,337.8999938964844,612.2470092773438,95.05999755859375,5354.3701171875,49.400001525878906,85.19000244140625,316.43499755859375,346.6199951171875,211.0,27.500999450683594,891.6699829101562,39.099998474121094,468.2200012207031,75.05999755859375,67.15499877929688,36.04499816894531,,84.6500015258789,228.1300048828125,138.64999389648438,69.86499786376953,204.25999450683594,43.79999923706055,143.0800018310547,40.9900016784668,,79.04000091552734,86.54010009765625,122.69000244140625,316.0,315.6300048828125,,,174.94000244140625,40.97999954223633,650.614990234375,595.010009765625,27.43000030517578,23.545000076293945,1372.18994140625,437.2300109863281,203.97000122070312,320.42999267578125,73.61000061035156,52.86000061035156,2172.014892578125,658.3599853515625,75.29139709472656,,85.30000305175781,479.3479919433594,163.0,343.3500061035156,91.93499755859375,187.56500244140625,243.00999450683594,170.0,91.05000305175781,188.22999572753906,111.73999786376953,117.16999816894531,120.7699966430664,139.13999938964844,177.89999389648438,59.72999954223633,183.6699981689453,783.5499877929688,435.45001220703125,187.35499572753906,89.33000183105469,165.99000549316406,510.6050109863281,317.04998779296875,157.30999755859375,199.17999267578125,131.5399932861328,432.9750061035156,253.8000030517578,189.72000122070312,222.43499755859375,471.6650085449219,28.35300064086914,212.10499572753906,206.9600067138672,74.7300033569336,223.13340759277344
2026-01-07 14:33:00+00:00,262.6549987792969,138.5800018310547,340.29998779296875,290.0899963378906,261.6405944824219,295.8500061035156,115.02999877929688,411.8783874511719,294.2799987792969,207.63999938964844,333.3999938964844,241.7050018310547,613.5,115.37000274658203,1231.72998046875,338.0820007324219,612.6199951171875,95.06999969482422,5377.34375,49.279998779296875,85.22000122070312,318.36749267578125,345.5,210.41000366210938,27.510000228881836,891.1199951171875,39.08000183105469,470.0199890136719,74.94999694824219,66.26499938964844,36.029998779296875,187.8350067138672,84.56500244140625,228.0399932861328,139.46499633789062,70.07499694824219,204.30999755859375,43.7599983215332,143.35499572753906,40.79499816894531,67.45999908447266,79.2300033569336,87.01000213623047,122.69999694824219,316.75,316.5,205.1699981689453,708.3049926757812,174.42999267578125,41.02009963989258,651.9650268554688,595.0800170898438,27.44499969482422,23.524999618530273,1374.75,436.4049987792969,204.73500061035156,321.0035095214844,73.20999908447266,52.939998626708984,2160.719970703125,657.75,74.94000244140625,997.3200073242188,85.01000213623047,481.5205993652344,162.25999450683594,342.9549865722656,91.6500015258789,187.66000366210938,242.56500244140625,169.9499969482422,90.83999633789062,189.42999267578125,111.75700378417969,116.98999786376953,120.5199966430664,138.8800048828125,178.1199951171875,59.880001068115234,182.99000549316406,783.344970703125,436.05999755859375,187.35499572753906,88.90499877929688,166.30999755859375,508.6400146484375,313.9949951171875,158.23500061035156,199.09500122070312,131.30999755859375,432.010009765625,253.89999389648438,189.36000061035156,222.05999755859375,472.95001220703125,28.415000915527344,212.25,206.5500030517578,74.393798828125,223.99000549316406
2026-01-07 14:34:00+00:00,262.4200134277344,138.44500732421875,339.79901123046875,290.42498779296875,261.1600036621094,296.3999938964844,114.9800033569336,414.20001220703125,294.1700134277344,207.92990112304688,334.7099914550781,241.64999389648438,615.010009765625,115.36499786376953,1231.93994140625,338.360107421875,611.4949951171875,95.06999969482422,5379.93017578125,49.22999954223633,85.50499725341797,318.2049865722656,345.010009765625,210.10000610351562,27.600000381469727,891.9500122070312,38.974998474121094,474.2900085449219,74.97000122070312,65.44499969482422,36.029998779296875,,84.56999969482422,228.02499389648438,140.22999572753906,69.9000015258789,204.32000732421875,43.7400016784668,143.2050018310547,40.88999938964844,67.7249984741211,79.30000305175781,87.08000183105469,123.16500091552734,316.5,316.2099914550781,204.86000061035156,709.97998046875,,41.28499984741211,654.0050048828125,595.8798828125,27.3799991607666,23.4950008392334,1378.969970703125,435.44000244140625,205.1199951171875,319.9200134277344,73.18000030517578,52.814998626708984,2156.0,657.3800048828125,74.97000122070312,997.35498046875,85.16000366210938,482.7699890136719,163.24009704589844,344.17999267578125,91.58000183105469,187.9949951171875,242.0,169.75,90.63999938964844,189.66000366210938,111.51000213623047,116.97000122070312,120.54900360107422,138.63999938964844,178.8300018310547,59.7400016784668,183.125,783.625,436.0400085449219,187.36000061035156,88.83499908447266,167.0800018310547,509.2099914550781,314.9949951171875,159.2949981689453,199.0399932861328,,432.877685546875,253.82000732421875,188.6999969482422,222.1999969482422,474.05999755859375,28.415000915527344,212.10499572753906,206.6699981689453,74.47000122070312,224.32000732421875
2026-01-07 14:35:00+00:00,261.9849853515625,,339.7300109863281,289.82000732421875,261.04998779296875,296.43499755859375,115.1449966430664,415.6549987792969,293.1499938964844,208.30999755859375,335.3612060546875,242.27000427246094,614.5050048828125,115.41000366210938,1231.06005859375,339.1795959472656,,95.12000274658203,5383.06005859375,49.27000045776367,85.58999633789062,318.32000732421875,346.5400085449219,209.77000427246094,27.6200008392334,890.8499755859375,38.915000915527344,474.0,74.98500061035156,65.50499725341797,35.96500015258789,,84.45999908447266,228.34500122070312,139.72000122070312,70.05000305175781,204.3022003173828,43.810001373291016,143.47000122070312,41.02000045776367,67.72100067138672,79.3499984741211,86.78500366210938,123.08000183105469,317.54998779296875,317.32000732421875,205.0240020751953,709.0399780273438,174.44500732421875,41.43069839477539,652.9000244140625,595.5289916992188,27.3799991607666,23.510000228881836,1373.5250244140625,435.20001220703125,204.89999389648438,319.67999267578125,72.94999694824219,52.79999923706055,2165.885009765625,657.0399780273438,75.05999755859375,991.1599731445312,85.20999908447266,483.32000732421875,164.8000030517578,342.4100036621094,91.5999984741211,187.80909729003906,241.97000122070312,169.53500366210938,90.54000091552734,189.45480346679688,111.62000274658203,116.62000274658203,120.41999816894531,138.7050018310547,179.13999938964844,59.78499984741211,182.60000610351562,788.3560180664062,437.1700134277344,186.97999572753906,88.5999984741211,166.91000366210938,509.9800109863281,315.6000061035156,159.89999389648438,198.72999572753906,,433.8349914550781,254.0850067138672,187.84500122070312,221.7949981689453,473.8475036621094,28.424999237060547,212.2100067138672,207.60499572753906,74.4800033569336,224.10000610351562
2026-01-07 14:36:00+00:00,261.2799987792969,138.33999633789062,339.31500244140625,290.135009765625,261.1700134277344,295.4891052246094,115.11000061035156,417.0950012207031,293.9364013671875,207.97000122070312,336.5201110839844,242.13499450683594,614.219970703125,115.58899688720703,1232.4000244140625,338.4444885253906,614.27001953125,95.23500061035156,5402.7998046875,49.220001220703125,85.6500015258789,317.1752014160156,345.5,209.82000732421875,27.584999084472656,891.5,38.869998931884766,473.3800048828125,74.83519744873047,64.31999969482422,36.04499816894531,187.44000244140625,84.55999755859375,228.58999633789062,139.48500061035156,70.2249984741211,204.3000030517578,43.72999954223633,143.28500366210938,40.9900016784668,67.83999633789062,79.16999816894531,86.69499969482422,123.25,318.6400146484375,318.434814453125,205.02999877929688,709.0399780273438,175.52000427246094,41.025001525878906,651.2750244140625,594.9299926757812,27.389999389648438,23.485000610351562,1375.550048828125,435.2200012207031,204.92599487304688,319.79998779296875,72.89769744873047,52.79079818725586,2158.840087890625,656.7078857421875,75.01000213623047,995.885009765625,84.80000305175781,482.5150146484375,164.10000610351562,344.3450012207031,91.51499938964844,187.1300048828125,242.36500549316406,169.7899932861328,90.62000274658203,188.82000732421875,111.56999969482422,116.61499786376953,120.4000015258789,138.6300048828125,178.82000732421875,59.790000915527344,182.44369506835938,790.0,436.010009765625,187.1649932861328,88.88629913330078,166.27999877929688,508.1449890136719,313.739990234375,159.47999572753906,198.64999389648438,,433.1300048828125,253.5850067138672,188.83399963378906,221.63999938964844,473.9649963378906,28.480100631713867,211.77000427246094,207.62950134277344,74.41999816894531,223.8800048828125
2026-01-07 14:37:00+00:00,261.7550048828125,138.1750030517578,339.010009765625,290.3399963378906,261.3699951171875,296.1759948730469,115.19000244140625,418.18499755859375,293.0,207.41000366210938,336.4599914550781,242.6461944580078,613.9400024414062,115.50499725341797,1233.43994140625,338.1300048828125,610.0,95.22000122070312,5394.990234375,49.2599983215332,85.79000091552734,316.760009765625,344.8500061035156,209.57000732421875,27.59000015258789,891.6300048828125,38.77000045776367,473.4599914550781,74.62000274658203,63.20000076293945,35.994998931884766,,84.57499694824219,228.11000061035156,139.5399932861328,70.26000213623047,204.3000030517578,43.775001525878906,143.33999633789062,40.974998474121094,67.74729919433594,79.06999969482422,86.77999877929688,123.04000091552734,319.29998779296875,319.114990234375,204.66000366210938,708.0399780273438,175.5500030517578,41.116798400878906,651.2349853515625,593.7899780273438,27.375,23.520000457763672,1370.1650390625,434.82000732421875,203.97000122070312,319.1300048828125,72.69380187988281,52.79499816894531,2155.419921875,656.7750244140625,75.02999877929688,991.780029296875,84.83989715576172,483.06500244140625,162.89999389648438,340.7200012207031,91.72000122070312,187.2899932861328,242.49000549316406,170.2050018310547,90.66000366210938,188.6199951171875,111.58999633789062,,121.01499938964844,138.68499755859375,178.67999267578125,59.560001373291016,182.0,789.2050170898438,435.6300048828125,187.13499450683594,88.7699966430664,166.05999755859375,507.0,311.8183898925781,159.60000610351562,198.4600067138672,,434.0325012207031,253.31500244140625,188.35000610351562,221.27000427246094,473.7850036621094,28.498600006103516,211.58999633789062,206.0,74.50499725341797,223.39999389648438
2026-01-07 14:38:00+00:00,261.4949951171875,138.13999938964844,338.68951416015625,290.1400146484375,261.2099914550781,296.4599914550781,115.02999877929688,419.4674987792969,293.6099853515625,207.49000549316406,337.6099853515625,242.85499572753906,615.125,115.3550033569336,1232.719970703125,338.9316101074219,610.219970703125,95.27909851074219,5391.85986328125,49.13999938964844,85.75,317.0050048828125,345.75,208.6999969482422,27.554399490356445,890.844970703125,38.779998779296875,471.51519775390625,74.5999984741211,63.279998779296875,35.92499923706055,,84.58000183105469,229.02000427246094,139.69000244140625,70.50499725341797,,43.685001373291016,143.0626983642578,40.939998626708984,67.7300033569336,79.125,86.52999877929688,123.12000274658203,320.0,319.82000732421875,204.43499755859375,706.1500244140625,175.3350067138672,41.46500015258789,650.6400146484375,594.8900146484375,27.34000015258789,23.485000610351562,1370.3399658203125,434.31500244140625,204.11000061035156,,72.44999694824219,52.779998779296875,2161.02001953125,656.239990234375,75.0199966430664,991.219970703125,84.7750015258789,482.8800048828125,163.57449340820312,340.95001220703125,91.79499816894531,187.92059326171875,242.13499450683594,169.8800048828125,90.72239685058594,188.41250610351562,111.5,116.50499725341797,121.01000213623047,138.4250030517578,178.75,59.505001068115234,181.72500610351562,791.4124755859375,436.17999267578125,186.85000610351562,88.66999816894531,166.4398956298828,505.54998779296875,312.5199890136719,159.44000244140625,198.41000366210938,,434.2699890136719,253.6699981689453,187.58999633789062,221.0500030517578,473.94500732421875,28.5,211.22999572753906,205.5,74.44999694824219,223.02999877929688
2026-01-07 14:39:00+00:00,261.9200134277344,137.94500732421875,338.2300109863281,290.32000732421875,260.7200012207031,296.17498779296875,114.94499969482422,421.3999938964844,292.8399963378906,208.2303924560547,338.239990234375,243.25,615.4099731445312,115.52999877929688,1231.5,339.6340026855469,612.5800170898438,95.36000061035156,5396.044921875,49.20500183105469,85.62999725341797,317.3599853515625,348.2074890136719,208.61000061035156,27.454999923706055,891.4400024414062,38.68000030517578,472.5400085449219,74.72000122070312,63.4900016784668,35.869998931884766,,84.62000274658203,228.72999572753906,139.6999969482422,70.68000030517578,204.27999877929688,43.66999816894531,142.80999755859375,40.8650016784668,67.69999694824219,79.19000244140625,86.60590362548828,123.19999694824219,319.7300109863281,319.4490051269531,204.39999389648438,706.1500244140625,175.5800018310547,41.679901123046875,651.114990234375,594.27001953125,27.325000762939453,23.479999542236328,1372.489990234375,434.2449951171875,204.19000244140625,319.57000732421875,72.49500274658203,52.70500183105469,2158.0,656.6820068359375,74.91999816894531,989.4849853515625,85.02999877929688,483.2550048828125,163.8249969482422,341.5899963378906,91.625,188.0800018310547,242.4499969482422,169.94500732421875,90.7300033569336,189.11500549316406,111.4000015258789,116.26000213623047,121.12999725341797,138.25999450683594,178.99000549316406,59.38999938964844,181.8699951171875,796.010009765625,435.7099914550781,186.8699951171875,88.75,166.28790283203125,505.1001892089844,311.05999755859375,159.41000366210938,198.48500061035156,,434.44000244140625,,188.25999450683594,220.50999450683594,474.30499267578125,28.493600845336914,211.0850067138672,204.5,74.41999816894531,223.13999938964844
2026-01-07 14:40:00+00:00,261.55999755859375,137.8000030517578,338.3999938964844,290.1000061035156,260.80499267578125,295.9005126953125,114.94999694824219,420.6700134277344,292.4649963378906,208.1699981689453,338.9849853515625,242.6699981689453,615.0,115.5,1231.9300537109375,338.8550109863281,615.6298828125,95.4800033569336,5393.2998046875,49.349998474121094,85.73500061035156,317.94000244140625,349.54998779296875,208.4499969482422,27.3700008392334,892.469970703125,38.619998931884766,470.7149963378906,74.95999908447266,63.04999923706055,35.8849983215332,186.91000366210938,84.63999938964844,228.375,139.83999633789062,70.61000061035156,204.3000030517578,43.73500061035156,143.44000244140625,40.875,67.73999786376953,79.0999984741211,86.91999816894531,123.24500274658203,319.0299987792969,318.80999755859375,204.5,707.530029296875,175.0399932861328,42.04999923706055,651.510009765625,594.5599975585938,27.34000015258789,23.489999771118164,1373.39501953125,433.8299865722656,204.2449951171875,319.9549865722656,72.48999786376953,52.630001068115234,2155.02001953125,655.9299926757812,75.00499725341797,985.1099853515625,84.91600036621094,483.30499267578125,164.47000122070312,342.9649963378906,91.82599639892578,187.77499389648438,242.4499969482422,169.9600067138672,90.69000244140625,188.64999389648438,111.51000213623047,116.30999755859375,121.05999755859375,138.3000030517578,178.83250427246094,59.40999984741211,181.6199951171875,796.989990234375,436.2449951171875,186.97500610351562,88.91000366210938,165.95370483398438,505.6300048828125,310.6499938964844,159.38999938964844,198.43499755859375,130.64999389648438,435.4700012207031,253.64999389648438,188.2259063720703,220.5800018310547,474.1300048828125,28.500999450683594,210.79249572753906,204.39999389648438,74.4800033569336,222.61500549316406
2026-01-07 14:41:00+00:00,262.0150146484375,138.25,339.0299987792969,290.1000061035156,261.07000732421875,296.3699951171875,115.06999969482422,420.32501220703125,292.3699951171875,208.27000427246094,340.1000061035156,243.19500732421875,619.1199951171875,115.8499984741211,1232.2425537109375,339.29998779296875,613.3150024414062,95.62999725341797,5402.0,49.2599983215332,85.72000122070312,317.3699951171875,350.125,209.02000427246094,27.43000030517578,891.6849975585938,38.630001068115234,472.0249938964844,75.05000305175781,62.35749816894531,35.814998626708984,,84.57499694824219,228.3800048828125,140.22000122070312,70.54000091552734,204.30999755859375,43.71500015258789,143.2100067138672,40.88999938964844,67.75,79.22000122070312,86.83000183105469,123.4000015258789,320.5899963378906,320.2799987792969,204.27499389648438,,175.39500427246094,41.900001525878906,652.5900268554688,595.719970703125,27.315000534057617,23.475000381469727,1370.9749755859375,433.67498779296875,204.02000427246094,319.5249938964844,72.5199966430664,52.57500076293945,2160.739990234375,657.5999755859375,74.9000015258789,985.239990234375,85.01499938964844,484.30999755859375,165.91000366210938,342.5350036621094,91.86000061035156,187.97000122070312,242.6699981689453,170.03500366210938,90.80000305175781,189.13999938964844,111.52999877929688,116.25,121.05999755859375,138.4199981689453,179.6051025390625,59.5,181.67999267578125,792.1099853515625,435.9100036621094,186.47000122070312,88.83999633789062,166.48500061035156,504.7200012207031,309.4523010253906,160.35000610351562,198.5800018310547,130.60499572753906,437.67498779296875,253.49000549316406,188.0500030517578,220.43499755859375,474.8399963378906,28.514999389648438,211.15499877929688,203.32249450683594,74.46499633789062,222.91000366210938
2026-01-07 14:42:00+00:00,261.58099365234375,138.0399932861328,338.59991455078125,289.57000732421875,260.81500244140625,295.92498779296875,115.1050033569336,419.7349853515625,292.1199951171875,207.4250030517578,341.17999267578125,243.0395965576172,615.840087890625,115.8949966430664,1232.030029296875,338.6600036621094,611.1900024414062,95.7300033569336,5401.990234375,49.189998626708984,85.70500183105469,316.7550048828125,351.45001220703125,209.5,27.52429962158203,891.530029296875,38.71260070800781,471.9800109863281,74.98400115966797,62.49729919433594,35.875,186.75,84.46499633789062,227.94000244140625,139.75250244140625,70.77999877929688,204.3000030517578,43.74369812011719,143.00999450683594,40.852699279785156,67.76000213623047,79.1500015258789,86.90499877929688,123.3511962890625,320.7300109863281,320.44000244140625,204.1199951171875,,175.39500427246094,41.980098724365234,648.0,595.5250244140625,27.343700408935547,23.474199295043945,1369.75,433.760009765625,203.52000427246094,319.3716125488281,72.23999786376953,52.543800354003906,2156.60009765625,657.0650024414062,75.04000091552734,984.7498168945312,84.83999633789062,484.8500061035156,166.2899932861328,340.6199951171875,91.5999984741211,187.83999633789062,242.14500427246094,169.08999633789062,90.88999938964844,188.75999450683594,111.48500061035156,116.37000274658203,120.94000244140625,138.22000122070312,179.27000427246094,59.48809814453125,181.30999755859375,793.6300048828125,435.29998779296875,186.4499969482422,89.06999969482422,166.47000122070312,505.7200012207031,306.78009033203125,159.72500610351562,198.7449951171875,130.89999389648438,437.6199951171875,,187.6999969482422,220.43499755859375,475.80999755859375,28.513900756835938,210.2449951171875,201.63999938964844,74.44999694824219,223.03500366210938
2026-01-07 14:43:00+00:00,261.8699951171875,138.00999450683594,337.0199890136719,289.6099853515625,261.0,295.5199890136719,115.08000183105469,419.6824951171875,292.0899963378906,207.59739685058594,341.1856994628906,242.59500122070312,613.6599731445312,115.80999755859375,1231.5699462890625,339.5899963378906,612.780029296875,95.9000015258789,5400.8701171875,49.345001220703125,85.69000244140625,316.9549865722656,350.17999267578125,209.61000061035156,27.540000915527344,891.2999267578125,38.630001068115234,469.9930114746094,74.99500274658203,62.36000061035156,35.81999969482422,,84.47000122070312,227.88499450683594,139.3800048828125,70.81999969482422,204.30999755859375,43.7400016784668,143.0,40.83000183105469,67.76000213623047,78.88999938964844,86.91000366210938,123.51000213623047,321.010009765625,320.7200012207031,204.0850067138672,,175.7100067138672,42.1349983215332,646.7000122070312,598.0,27.295000076293945,23.469999313354492,1371.8800048828125,434.04998779296875,203.5800018310547,,72.54499816894531,52.525001525878906,2162.0,655.4099731445312,75.09500122070312,982.030029296875,84.70140075683594,484.32501220703125,166.5,341.1451110839844,91.25,188.06739807128906,241.99000549316406,169.2100067138672,90.86000061035156,188.63160705566406,111.34500122070312,116.20999908447266,120.83999633789062,138.2899932861328,179.51499938964844,59.369998931884766,181.5050048828125,796.0,,186.47500610351562,89.08000183105469,166.5,505.30999755859375,305.5,159.08999633789062,198.79510498046875,130.39999389648438,437.6783142089844,,187.7725067138672,220.43499755859375,476.20001220703125,28.514999389648438,209.75,200.8459930419922,74.47850036621094,222.72000122070312
2026-01-07 14:44:00+00:00,262.43499755859375,137.77999877929688,337.7799987792969,289.3450012207031,260.7449951171875,295.0899963378906,115.0999984741211,420.59100341796875,292.2049865722656,208.31500244140625,340.44000244140625,242.60000610351562,611.3250122070312,116.50499725341797,1232.5,340.1000061035156,613.1599731445312,96.04499816894531,5395.669921875,49.314998626708984,85.62000274658203,316.93499755859375,350.5400085449219,209.22500610351562,27.520000457763672,890.4450073242188,38.584999084472656,469.4100036621094,75.0333023071289,62.25,35.814998626708984,186.75,84.27999877929688,228.2949981689453,139.2449951171875,70.72229766845703,204.3000030517578,43.755001068115234,142.98500061035156,40.900001525878906,67.79000091552734,78.83000183105469,86.8550033569336,123.51499938964844,321.5199890136719,321.1700134277344,203.80499267578125,709.0999755859375,175.4949951171875,42.05099868774414,646.4249877929688,598.385009765625,27.284299850463867,23.46500015258789,1371.75,434.0799865722656,203.77999877929688,319.4800109863281,72.53500366210938,52.52000045776367,2156.0,654.7899780273438,75.11000061035156,981.989990234375,84.91999816894531,483.95599365234375,165.72999572753906,341.8550109863281,91.1500015258789,188.67579650878906,241.6999969482422,168.72500610351562,90.75,188.9600067138672,111.2699966430664,116.1449966430664,120.58999633789062,138.39999389648438,179.5050048828125,59.255001068115234,181.1699981689453,795.7349853515625,435.0616149902344,186.24000549316406,88.83000183105469,166.38999938964844,506.4700012207031,305.42999267578125,158.8300018310547,198.76499938964844,130.2100067138672,437.364990234375,252.9600067138672,187.77499389648438,220.0908966064453,475.68499755859375,28.530000686645508,209.55999755859375,200.57000732421875,74.46499633789062,222.8000030517578
2026-01-07 14:45:00+00:00,262.260009765625,138.02000427246094,338.19000244140625,289.2799987792969,261.04998779296875,295.0350036621094,115.30500030517578,420.3450012207031,291.5400085449219,208.0800018310547,340.9700012207031,242.45089721679688,613.0,116.4175033569336,1228.6800537109375,339.75,613.177001953125,95.91999816894531,5414.75,49.369998931884766,85.61499786376953,317.19000244140625,350.7049865722656,208.67999267578125,27.645000457763672,889.52001953125,38.599998474121094,470.79998779296875,75.0425033569336,62.09000015258789,35.84000015258789,186.9759979248047,84.4000015258789,228.5760040283203,138.76499938964844,70.87000274658203,204.36500549316406,43.86000061035156,142.6300048828125,40.89500045776367,67.80000305175781,79.06999969482422,86.94000244140625,123.75,321.19500732421875,320.95001220703125,203.82000732421875,709.0999755859375,175.3249969482422,41.88999938964844,646.89501953125,598.2050170898438,27.31999969482422,23.5049991607666,1373.300048828125,434.54998779296875,203.14999389648438,319.80999755859375,72.69999694824219,52.62459945678711,2155.0,654.864990234375,75.30000305175781,977.1799926757812,84.62300109863281,484.45001220703125,166.22000122070312,340.17999267578125,90.9800033569336,188.6199951171875,241.74000549316406,168.7449951171875,90.83999633789062,189.16000366210938,111.5,116.37000274658203,120.4800033569336,138.71580505371094,179.375,59.349998474121094,181.27000427246094,803.052978515625,436.0779113769531,186.30999755859375,88.66999816894531,165.85000610351562,508.04998779296875,303.510009765625,159.11000061035156,199.22500610351562,130.11000061035156,437.00201416015625,253.38499450683594,187.36500549316406,220.19000244140625,477.0,28.514999389648438,209.75,200.0050048828125,74.58999633789062,223.10000610351562
2026-01-07 14:46:00+00:00,262.5150146484375,137.89500427246094,337.3699951171875,289.1449890136719,261.1400146484375,295.19000244140625,115.38999938964844,421.30999755859375,292.364990234375,208.13499450683594,340.9150085449219,243.1199951171875,615.25,116.8458023071289,1230.1995849609375,341.1650085449219,613.6300048828125,95.80000305175781,5416.9599609375,49.426998138427734,85.61499786376953,316.7699890136719,351.2349853515625,208.00999450683594,27.575000762939453,888.010009765625,38.61000061035156,470.8450012207031,75.05000305175781,62.39500045776367,35.805999755859375,187.3699951171875,84.48999786376953,228.6199951171875,138.72000122070312,70.88999938964844,204.3699951171875,43.900001525878906,142.6300048828125,40.88999938964844,67.8499984741211,79.0199966430664,86.92500305175781,123.83499908447266,321.510009765625,321.20001220703125,203.91000366210938,,175.8350067138672,42.08000183105469,646.5800170898438,599.260009765625,27.309999465942383,23.479999542236328,1377.0699462890625,434.739990234375,204.16990661621094,320.25,72.62000274658203,52.595001220703125,2151.534912109375,655.0,75.42500305175781,977.4299926757812,84.93820190429688,484.1600036621094,166.0,340.9800109863281,91.26000213623047,188.64450073242188,241.60000610351562,168.03500366210938,90.94499969482422,189.0500030517578,111.44000244140625,116.20999908447266,120.7300033569336,138.5,179.3699951171875,59.290000915527344,180.97999572753906,801.2000122070312,,186.1999969482422,88.7699966430664,165.93499755859375,507.57000732421875,304.8559875488281,159.5500030517578,199.4949951171875,129.97999572753906,436.4020080566406,253.38250732421875,187.25120544433594,219.99000549316406,476.82000732421875,28.5049991607666,209.64999389648438,200.42250061035156,74.73999786376953,223.5850067138672
2026-01-07 14:47:00+00:00,262.7250061035156,138.0800018310547,337.5450134277344,288.3500061035156,261.1199951171875,295.2099914550781,115.42500305175781,421.20098876953125,292.2301025390625,208.13999938964844,340.010009765625,242.6999969482422,618.2017211914062,116.9000015258789,1228.8699951171875,341.0199890136719,616.7349853515625,95.87999725341797,5420.0,49.38999938964844,85.47000122070312,317.6600036621094,351.3349914550781,208.27000427246094,27.654699325561523,887.0001220703125,38.59000015258789,470.57000732421875,75.06999969482422,62.36000061035156,35.849998474121094,187.08999633789062,84.61000061035156,228.35000610351562,138.67999267578125,70.79000091552734,204.33999633789062,43.870399475097656,142.75999450683594,40.82500076293945,67.80000305175781,79.0425033569336,86.9000015258789,124.19999694824219,322.260009765625,322.05999755859375,203.52000427246094,708.3499755859375,175.99000549316406,41.73929977416992,647.4299926757812,596.4199829101562,27.34000015258789,23.454999923706055,1376.5150146484375,434.8800048828125,203.98500061035156,319.8699951171875,72.4000015258789,52.599998474121094,2150.5,654.7449951171875,75.33499908447266,977.10498046875,84.80000305175781,483.5199890136719,166.22509765625,341.5,91.20500183105469,188.52000427246094,240.00999450683594,167.9499969482422,91.01000213623047,189.1999969482422,111.69000244140625,116.16999816894531,120.7979965209961,138.4550018310547,179.69000244140625,59.20000076293945,180.66000366210938,800.5999755859375,436.0950012207031,186.26499938964844,88.68000030517578,165.75999450683594,507.19378662109375,304.6300048828125,159.73500061035156,199.07000732421875,,436.8450012207031,253.27000427246094,187.2100067138672,219.8800048828125,475.2850036621094,28.57469940185547,209.39010620117188,199.75999450683594,74.69999694824219,223.41000366210938
2026-01-07 14:48:00+00:00,262.4801025390625,138.10000610351562,338.05999755859375,288.5950012207031,261.5,295.5799865722656,115.43199920654297,420.2749938964844,292.0400085449219,208.3000030517578,340.1700134277344,243.65499877929688,616.52001953125,117.0999984741211,1228.0150146484375,341.8800048828125,615.239990234375,96.06999969482422,5422.4248046875,49.51499938964844,85.43440246582031,317.4200134277344,350.8900146484375,208.17999267578125,27.6299991607666,886.9400024414062,38.599998474121094,472.8900146484375,75.13999938964844,62.380001068115234,35.814998626708984,187.3249969482422,84.72000122070312,228.33999633789062,138.81500244140625,70.65499877929688,204.3800048828125,43.84000015258789,142.75999450683594,40.834999084472656,67.80000305175781,79.31500244140625,86.87000274658203,124.33000183105469,322.1600036621094,321.80999755859375,203.69000244140625,708.2899780273438,176.00250244140625,41.8650016784668,647.5449829101562,597.4650268554688,27.325000762939453,23.454999923706055,1372.0899658203125,435.0799865722656,203.5399932861328,320.2099914550781,72.43000030517578,52.54499816894531,2152.760009765625,654.8599853515625,75.375,979.614990234375,84.93000030517578,483.75,167.00570678710938,340.010009765625,91.30500030517578,188.6096954345703,240.11000061035156,167.9600067138672,90.93000030517578,189.80499267578125,111.84500122070312,116.30799865722656,120.95999908447266,138.47000122070312,179.69000244140625,59.150001525878906,180.56500244140625,800.0,436.260009765625,186.25999450683594,88.54000091552734,165.8800048828125,507.4549865722656,304.2099914550781,160.0050048828125,199.0800018310547,130.0449981689453,435.8500061035156,,187.42999267578125,220.27999877929688,476.2699890136719,28.549999237060547,209.59080505371094,199.2050018310547,74.72000122070312,223.83999633789062
2026-01-07 14:49:00+00:00,262.2300109863281,138.0,339.10400390625,289.1199951171875,261.67999267578125,295.92999267578125,115.3550033569336,421.4649963378906,291.55999755859375,208.51499938964844,340.6300048828125,243.38999938964844,616.0499877929688,116.55999755859375,1228.0699462890625,341.7735900878906,613.5,95.93000030517578,5419.83984375,49.55839920043945,85.52999877929688,317.5299987792969,348.82000732421875,209.10000610351562,27.674999237060547,888.864990234375,38.6349983215332,474.8599853515625,75.12999725341797,62.810001373291016,35.81999969482422,187.28500366210938,84.82499694824219,228.11000061035156,139.00999450683594,70.73999786376953,,43.84000015258789,142.5749969482422,40.810001373291016,67.80000305175781,79.29010009765625,87.0250015258789,124.5199966430664,320.9849853515625,320.7099914550781,203.85000610351562,710.2000122070312,176.77000427246094,41.85499954223633,648.9650268554688,597.385009765625,27.34000015258789,23.46500015258789,1367.31494140625,435.29998779296875,203.0399932861328,320.2850036621094,72.55000305175781,52.61000061035156,2147.264892578125,654.3400268554688,75.30000305175781,978.9500122070312,84.89800262451172,483.3550109863281,166.47999572753906,340.1199951171875,91.05500030517578,188.4801025390625,240.24000549316406,167.89999389648438,90.8550033569336,190.1699981689453,111.97000122070312,116.4749984741211,120.91000366210938,138.5198974609375,179.94000244140625,59.2599983215332,180.32000732421875,799.27001953125,436.8399963378906,186.52499389648438,88.4749984741211,165.75999450683594,507.5003967285156,304.44989013671875,160.49000549316406,198.97999572753906,130.30999755859375,435.397705078125,253.96499633789062,187.33999633789062,220.84500122070312,477.9200134277344,28.540000915527344,210.3249969482422,198.4550018310547,74.75,224.0850067138672
2026-01-07 14:50:00+00:00,261.79998779296875,137.99000549316406,339.06500244140625,289.04998779296875,261.9200134277344,296.239990234375,115.47000122070312,421.10980224609375,292.0849914550781,208.5625,341.04998779296875,242.88999938964844,616.9249877929688,116.12999725341797,1228.1800537109375,341.8900146484375,613.5,95.95999908447266,5423.71484375,49.665000915527344,85.56999969482422,318.3599853515625,348.79998779296875,209.52049255371094,27.69499969482422,889.125,38.6349983215332,473.6300964355469,75.05999755859375,62.2599983215332,35.7400016784668,,84.65679931640625,228.3000030517578,139.39999389648438,70.68499755859375,204.3699951171875,43.83000183105469,142.49000549316406,40.73099899291992,67.83000183105469,79.29000091552734,87.03399658203125,124.34500122070312,321.8599853515625,321.55499267578125,203.05499267578125,,176.75,41.779998779296875,,598.1300048828125,27.344999313354492,23.46500015258789,1363.8349609375,435.739990234375,203.25599670410156,319.8900146484375,72.19999694824219,52.61000061035156,2142.830078125,654.219970703125,75.41000366210938,976.0,85.18000030517578,483.4898986816406,167.39999389648438,341.3251037597656,91.1050033569336,188.310302734375,239.22500610351562,167.8300018310547,90.91500091552734,189.9499969482422,111.9000015258789,116.45999908447266,121.02999877929688,138.46499633789062,179.6999969482422,59.209999084472656,179.80999755859375,800.844970703125,437.5050048828125,186.5800018310547,88.32499694824219,165.7449951171875,507.135009765625,303.7900085449219,159.83999633789062,199.0800018310547,130.5800018310547,435.8699951171875,,186.75,221.11000061035156,478.8800048828125,28.514999389648438,210.11500549316406,198.65499877929688,74.80000305175781,224.50999450683594
2026-01-07 14:51:00+00:00,261.94000244140625,138.1699981689453,339.0050048828125,288.9549865722656,261.7674865722656,295.4200134277344,115.4000015258789,421.20001220703125,291.4599914550781,208.78599548339844,341.32000732421875,242.75999450683594,617.7150268554688,116.21990203857422,1225.7349853515625,342.0249938964844,613.2874755859375,96.05999755859375,5427.3837890625,49.709999084472656,85.40499877929688,317.69000244140625,348.3500061035156,209.17999267578125,27.649999618530273,887.9949951171875,38.595001220703125,475.0920104980469,75.13999938964844,61.8650016784668,35.70000076293945,,84.5,228.49000549316406,139.02569580078125,70.55000305175781,,43.81380081176758,142.47999572753906,40.66999816894531,67.76000213623047,79.32499694824219,87.05000305175781,124.31999969482422,321.6199951171875,321.2799987792969,203.2100067138672,711.5349731445312,177.40499877929688,41.864200592041016,649.3800048828125,597.4500122070312,27.334999084472656,23.46500015258789,1362.6700439453125,435.63720703125,202.3800048828125,319.7900085449219,72.26000213623047,52.619998931884766,2138.43994140625,653.9000244140625,75.36499786376953,972.3499755859375,85.33000183105469,483.6600036621094,167.86500549316406,340.864990234375,91.17459869384766,188.38499450683594,239.25,167.36000061035156,90.9000015258789,189.94000244140625,111.82009887695312,116.16500091552734,120.92500305175781,138.48500061035156,179.6999969482422,59.189998626708984,180.10499572753906,802.239990234375,436.3699951171875,186.53500366210938,88.34500122070312,165.8699951171875,506.54998779296875,302.8399963378906,159.44000244140625,198.9600067138672,130.5,433.60009765625,253.72999572753906,187.16000366210938,221.02000427246094,479.8399963378906,28.5049991607666,209.99000549316406,198.0399932861328,74.78500366210938,224.97900390625
2026-01-07 14:52:00+00:00,261.9599914550781,138.2949981689453,339.0299987792969,288.6499938964844,261.5249938964844,295.2049865722656,115.4000015258789,420.9700012207031,291.67999267578125,209.07000732421875,341.0199890136719,242.7375946044922,617.8607788085938,116.5,1227.77001953125,342.3500061035156,611.510009765625,95.89019775390625,5429.40478515625,49.709999084472656,85.5,317.5799865722656,349.2799987792969,209.48500061035156,27.679800033569336,888.0499877929688,38.6150016784668,473.8349914550781,75.25849914550781,62.18000030517578,35.68000030517578,187.4250030517578,84.44999694824219,229.0500030517578,139.01499938964844,70.44499969482422,,43.81999969482422,142.47999572753906,40.66999816894531,67.72000122070312,79.1500015258789,87.04000091552734,123.7699966430664,321.57000732421875,321.3351135253906,203.2899932861328,711.5349731445312,177.44500732421875,42.19219970703125,648.3300170898438,598.030029296875,27.354999542236328,23.46500015258789,1362.0050048828125,436.0450134277344,202.5800018310547,319.510009765625,72.16000366210938,52.58000183105469,2140.97998046875,654.02001953125,75.5,971.5650024414062,85.27999877929688,483.8599853515625,167.71499633789062,341.6809997558594,91.0999984741211,188.88499450683594,239.0554962158203,167.3699951171875,90.86499786376953,189.7301025390625,111.79499816894531,115.96499633789062,120.9000015258789,138.4499969482422,180.34010314941406,59.18199920654297,179.96499633789062,801.9299926757812,436.69000244140625,186.64999389648438,88.23999786376953,165.72500610351562,506.260009765625,303.42498779296875,158.97999572753906,199.02999877929688,130.30999755859375,434.05010986328125,253.6649932861328,186.69500732421875,221.2100067138672,479.19500732421875,28.5,209.94500732421875,199.2006072998047,74.80000305175781,224.38999938964844
2026-01-07 14:53:00+00:00,261.9501953125,137.9499969482422,338.8299865722656,288.1499938964844,261.4849853515625,295.3900146484375,115.4000015258789,419.8699951171875,291.739990234375,209.0,341.1400146484375,242.75999450683594,618.719970703125,116.85900115966797,1227.7900390625,342.75,610.0800170898438,95.87000274658203,5437.544921875,49.7599983215332,85.52749633789062,318.4949951171875,349.2749938964844,209.32000732421875,27.729999542236328,886.005126953125,38.540000915527344,474.0111083984375,75.33000183105469,62.58000183105469,35.70000076293945,187.24000549316406,84.5250015258789,228.36000061035156,138.83999633789062,70.43499755859375,204.36000061035156,43.79999923706055,142.8000030517578,40.619998931884766,67.79000091552734,79.19999694824219,86.98500061035156,123.83000183105469,321.56500244140625,321.32000732421875,203.46499633789062,712.5198974609375,177.44000244140625,42.334999084472656,648.3250122070312,596.97998046875,27.342500686645508,23.44499969482422,1364.9000244140625,436.06640625,201.92999267578125,319.45001220703125,72.2300033569336,52.59960174560547,2138.75,653.7166137695312,75.61000061035156,971.9550170898438,85.48819732666016,483.6675109863281,168.6475067138672,342.91009521484375,91.1050033569336,189.2698974609375,239.02999877929688,167.32000732421875,90.8499984741211,190.0,111.62000274658203,115.97000122070312,121.0,138.3300018310547,180.7050018310547,59.16429901123047,180.02999877929688,800.8400268554688,436.010009765625,186.41000366210938,88.19999694824219,165.88999938964844,506.7300109863281,304.7550048828125,158.8800048828125,199.0050048828125,,434.1600036621094,253.6699981689453,186.55999755859375,221.24000549316406,478.4200134277344,28.5049991607666,209.64999389648438,200.11500549316406,74.79000091552734,224.44009399414062
2026-01-07 14:54:00+00:00,261.9364013671875,137.89999389648438,337.2300109863281,287.7550048828125,261.4800109863281,295.1499938964844,115.44000244140625,420.07501220703125,291.0350036621094,208.7949981689453,341.3299865722656,242.91000366210938,616.5,116.30999755859375,1225.0,341.9750061035156,612.8300170898438,95.79000091552734,5434.19482421875,49.7400016784668,85.56999969482422,318.4700012207031,348.67999267578125,210.5500030517578,27.799999237060547,886.125,38.58000183105469,471.760009765625,75.18499755859375,62.33000183105469,35.709999084472656,,84.50499725341797,228.31500244140625,139.32000732421875,70.5999984741211,,43.79999923706055,142.68499755859375,40.64500045776367,67.7699966430664,79.0199966430664,86.86000061035156,123.70999908447266,322.1700134277344,321.8999938964844,203.2899932861328,710.5499877929688,177.69000244140625,42.250099182128906,647.875,597.77001953125,27.364999771118164,23.46500015258789,1360.4300537109375,436.3500061035156,201.5800018310547,319.44500732421875,72.13999938964844,52.58000183105469,2130.0,653.8350219726562,75.66500091552734,968.2150268554688,85.4990005493164,483.3500061035156,168.66510009765625,340.0,91.2699966430664,189.10009765625,238.61000061035156,167.1649932861328,90.91000366210938,189.91000366210938,111.80999755859375,116.02999877929688,121.08000183105469,138.33999633789062,180.57000732421875,59.090999603271484,179.72000122070312,799.135009765625,436.2349853515625,186.4250030517578,88.08000183105469,165.5,506.7250061035156,302.3500061035156,158.6699981689453,199.0625,,434.010009765625,,186.47500610351562,220.91000366210938,479.32000732421875,28.5,209.5,198.3350067138672,74.75,224.09500122070312
2026-01-07 14:55:00+00:00,262.07000732421875,137.85000610351562,337.6300048828125,287.36749267578125,261.6549987792969,295.3800048828125,115.37999725341797,420.1424865722656,291.9800109863281,209.2050018310547,342.0299987792969,243.27000427246094,616.9500122070312,116.52999877929688,1224.8599853515625,341.57000732421875,612.489990234375,95.87999725341797,5434.19482421875,49.68000030517578,85.55999755859375,318.8299865722656,349.4512939453125,210.47999572753906,27.795000076293945,885.0084838867188,38.59000015258789,474.20001220703125,75.19000244140625,62.54249954223633,35.64500045776367,187.53500366210938,84.50499725341797,229.72000122070312,139.43499755859375,70.41000366210938,,43.779998779296875,142.46499633789062,40.59000015258789,67.79000091552734,79.16999816894531,86.83000183105469,123.62999725341797,322.2300109863281,321.9599914550781,203.27000427246094,711.2999877929688,177.4149932861328,42.46080017089844,648.4279174804688,597.3499755859375,27.350000381469727,23.454999923706055,1360.81005859375,435.9949951171875,202.0,318.6600036621094,72.0999984741211,52.560001373291016,2140.2099609375,653.4600219726562,75.51000213623047,968.2550048828125,85.4000015258789,483.7699890136719,169.86000061035156,340.1400146484375,91.24500274658203,189.64999389648438,238.65249633789062,166.55999755859375,90.79499816894531,190.08999633789062,111.81500244140625,115.97000122070312,121.2300033569336,138.3000030517578,181.00999450683594,59.08000183105469,180.0800018310547,801.64501953125,436.0199890136719,186.4600067138672,88.22000122070312,165.52999877929688,507.5799865722656,303.0299987792969,158.9499969482422,198.6999969482422,130.42999267578125,434.364990234375,253.36000061035156,186.5050048828125,221.1699981689453,478.9800109863281,28.520000457763672,209.52999877929688,199.4199981689453,74.75499725341797,224.3699951171875
2026-01-07 14:56:00+00:00,261.864990234375,137.72999572753906,337.0799865722656,287.614990234375,261.6199951171875,295.32501220703125,115.2750015258789,420.6650085449219,291.54998779296875,209.27000427246094,341.9599914550781,243.32949829101562,616.6699829101562,116.58499908447266,1223.625,341.4649963378906,610.4400024414062,95.94999694824219,5432.96484375,49.65999984741211,85.52999877929688,319.3262939453125,349.75,210.75,27.834999084472656,885.1199951171875,38.540000915527344,475.9960021972656,75.21499633789062,62.34000015258789,35.6150016784668,,84.45999908447266,228.77000427246094,139.50999450683594,70.45999908447266,204.3699951171875,43.7599983215332,142.33999633789062,40.564998626708984,67.7699966430664,79.29499816894531,86.83499908447266,123.81999969482422,322.0150146484375,321.7113952636719,203.21499633789062,,177.10000610351562,42.54999923706055,648.5700073242188,597.75,27.34000015258789,23.44499969482422,1360.030029296875,435.9100036621094,201.6501007080078,318.3999938964844,72.06999969482422,52.59000015258789,2138.055908203125,653.7949829101562,75.42500305175781,968.2550048828125,85.3009033203125,483.79681396484375,169.7100067138672,340.0799865722656,91.25650024414062,189.9149932861328,238.42999267578125,166.2899932861328,90.86000061035156,190.27000427246094,111.7750015258789,115.9000015258789,120.94000244140625,138.2899932861328,181.4550018310547,59.1349983215332,179.49000549316406,800.0,435.7799987792969,186.58999633789062,88.18000030517578,165.49009704589844,508.05999755859375,302.0400085449219,158.61000061035156,198.56500244140625,,433.7149963378906,,186.43499755859375,220.89500427246094,479.05999755859375,28.530000686645508,209.6649932861328,198.21499633789062,74.61239624023438,224.5399932861328
2026-01-07 14:57:00+00:00,261.6825866699219,137.63999938964844,337.2900085449219,287.5199890136719,261.68719482421875,295.489990234375,115.27999877929688,420.5150146484375,291.57000732421875,208.83999633789062,341.7749938964844,243.27499389648438,615.6325073242188,116.33999633789062,1225.5899658203125,341.6600036621094,610.4650268554688,96.05999755859375,5420.22021484375,49.75,85.49500274658203,319.44000244140625,349.4200134277344,211.56500244140625,27.844999313354492,884.6199951171875,38.51499938964844,474.2250061035156,75.19999694824219,62.22999954223633,35.64500045776367,187.27000427246094,84.48500061035156,228.7550048828125,139.3699951171875,70.37999725341797,,43.77360153198242,142.13999938964844,40.540000915527344,67.76499938964844,79.30999755859375,87.0530014038086,123.91999816894531,321.4949951171875,321.1650085449219,203.38999938964844,712.1300048828125,177.08999633789062,42.54999923706055,647.405029296875,597.8699951171875,27.346399307250977,23.430200576782227,1362.27001953125,435.6600036621094,201.80999755859375,318.010009765625,72.0250015258789,52.529998779296875,2139.215087890625,653.0170288085938,75.37999725341797,966.1199951171875,85.19000244140625,483.8559875488281,169.3699951171875,338.9501037597656,91.13999938964844,189.8800048828125,238.48500061035156,166.1999969482422,90.8499984741211,190.06500244140625,111.75,115.81999969482422,120.88999938964844,138.25,181.38999938964844,59.111000061035156,179.49000549316406,802.0700073242188,435.260009765625,186.4199981689453,88.06999969482422,165.4199981689453,508.0849914550781,301.7049865722656,158.6750030517578,198.47000122070312,130.3300018310547,433.510009765625,253.1999969482422,186.2100067138672,220.92359924316406,478.9100036621094,28.54010009765625,209.71499633789062,197.2790069580078,74.59500122070312,224.13999938964844
2026-01-07 14:58:00+00:00,261.68499755859375,137.7949981689453,337.314697265625,287.489990234375,261.4849853515625,295.1820068359375,115.25,421.2099914550781,292.1300048828125,209.0500030517578,342.3999938964844,243.1300048828125,615.6900024414062,116.30999755859375,1225.4100341796875,341.3699951171875,,96.17500305175781,5410.0,49.66999816894531,85.52999877929688,319.4049987792969,349.29998779296875,211.60000610351562,27.860000610351562,884.0001220703125,38.51100158691406,475.2449951171875,75.25,62.54499816894531,35.630001068115234,187.1300048828125,84.45999908447266,228.75010681152344,139.30499267578125,70.4800033569336,204.3699951171875,43.77000045776367,142.26499938964844,40.56999969482422,67.76000213623047,79.51000213623047,86.90499877929688,124.33999633789062,320.3999938964844,320.0199890136719,203.03500366210938,712.47998046875,,42.53499984741211,647.9400024414062,597.5650024414062,27.315000534057617,23.434999465942383,1362.385498046875,435.6600036621094,201.8300018310547,318.0299987792969,72.08000183105469,52.564998626708984,2141.60009765625,651.7150268554688,75.44999694824219,966.1300048828125,85.09850311279297,483.55999755859375,169.85009765625,340.4739990234375,91.2300033569336,190.00999450683594,237.72000122070312,165.85000610351562,90.98999786376953,190.1750030517578,111.66999816894531,115.78500366210938,120.875,138.23699951171875,181.5989990234375,59.064998626708984,179.39999389648438,805.3699951171875,435.8699951171875,186.2899932861328,87.91999816894531,165.20289611816406,508.7499084472656,302.0299987792969,158.60000610351562,198.2949981689453,129.97000122070312,433.3949890136719,,185.9824981689453,220.68499755859375,480.3999938964844,28.549999237060547,210.0850067138672,197.3249969482422,74.61000061035156,224.59500122070312
2026-01-07 14:59:00+00:00,261.4100036621094,137.94000244140625,337.385009765625,287.2850036621094,261.6705017089844,295.2349853515625,115.26000213623047,421.45001220703125,291.9700012207031,209.10000610351562,342.5151062011719,243.60000610351562,613.8599853515625,116.4000015258789,1225.3499755859375,341.0150146484375,611.7899780273438,96.36150360107422,5409.06982421875,49.72999954223633,85.54000091552734,319.2699890136719,348.7799987792969,211.8800048828125,27.861400604248047,884.3250122070312,38.5,474.760009765625,75.2300033569336,62.564998626708984,35.63359832763672,187.14999389648438,84.5999984741211,228.6199951171875,139.27999877929688,70.5,,43.797000885009766,142.47999572753906,40.599998474121094,,79.68000030517578,86.94200134277344,124.45999908447266,320.17999267578125,319.75,203.22000122070312,712.1699829101562,177.15499877929688,42.7239990234375,648.739990234375,597.1599731445312,27.344999313354492,23.430099487304688,1360.0,435.8399963378906,201.32000732421875,318.1549987792969,72.05500030517578,52.59000015258789,2145.260009765625,651.8200073242188,75.55500030517578,967.2000122070312,85.16000366210938,483.6600036621094,169.64010620117188,339.6400146484375,91.125,190.10000610351562,237.60000610351562,166.19500732421875,91.12999725341797,190.2899932861328,111.7249984741211,115.66999816894531,121.13999938964844,138.1699981689453,181.30999755859375,59.04800033569336,179.22000122070312,807.7949829101562,436.1099853515625,186.38499450683594,87.94999694824219,165.2449951171875,508.9100036621094,299.6600036621094,158.90499877929688,198.02999877929688,129.94000244140625,433.760009765625,253.52999877929688,185.89999389648438,220.80999755859375,480.54998779296875,28.515399932861328,210.11500549316406,196.4499969482422,74.70600128173828,224.8000030517578
2026-01-07 15:00:00+00:00,261.32000732421875,138.02000427246094,337.20001220703125,287.29998779296875,261.760009765625,295.9700012207031,115.37000274658203,420.1600036621094,291.6000061035156,208.6699981689453,342.04998779296875,243.1999969482422,614.4949951171875,116.31999969482422,1225.06494140625,341.6913146972656,611.007080078125,96.41999816894531,5405.205078125,49.53499984741211,85.44999694824219,318.9599914550781,348.79998779296875,211.4199981689453,27.735000610351562,883.3900146484375,38.5099983215332,474.5150146484375,75.16000366210938,62.4900016784668,35.6150016784668,187.4199981689453,84.56999969482422,228.49000549316406,138.9600067138672,70.19999694824219,204.39999389648438,43.779998779296875,142.32000732421875,40.58000183105469,67.68000030517578,79.625,86.84449768066406,124.5999984741211,320.1650085449219,319.82989501953125,202.83999633789062,713.5700073242188,176.90499877929688,42.709999084472656,649.094970703125,597.8350219726562,27.40999984741211,23.450000762939453,1359.7099609375,435.510009765625,200.60000610351562,317.5799865722656,72.0,52.54999923706055,2144.5048828125,650.9600219726562,75.75,969.1199951171875,84.95999908447266,483.0950012207031,169.17860412597656,338.239990234375,90.96499633789062,189.82000732421875,237.72999572753906,165.3300018310547,91.13999938964844,190.2071990966797,111.93000030517578,115.67500305175781,121.0,138.2449951171875,181.10000610351562,58.91999816894531,179.3094024658203,804.4650268554688,435.8800048828125,186.57000732421875,87.62000274658203,165.08999633789062,510.10400390625,301.74969482421875,158.58999633789062,198.21499633789062,129.72999572753906,432.8699951171875,,186.1750030517578,220.68499755859375,479.8450012207031,28.4950008392334,210.36000061035156,196.625,74.63999938964844,224.99000549316406
2026-01-07 15:01:00+00:00,261.44000244140625,137.72000122070312,337.6099853515625,287.4949951171875,262.1697998046875,296.07000732421875,115.2750015258789,419.5,290.9599914550781,208.25990295410156,342.30999755859375,242.94000244140625,612.8250122070312,116.11000061035156,1224.7950439453125,341.4800109863281,610.1099853515625,96.42500305175781,5405.205078125,49.47999954223633,85.46179962158203,318.95001220703125,348.2449951171875,211.55999755859375,27.734399795532227,884.3699951171875,38.4900016784668,474.3185119628906,75.20999908447266,62.83000183105469,35.68000030517578,,84.58499908447266,228.13999938964844,138.8350067138672,69.9749984741211,204.3699951171875,43.78499984741211,142.06500244140625,40.599998474121094,,79.62000274658203,,124.5,319.760009765625,319.3349914550781,202.97000122070312,712.1599731445312,177.1699981689453,42.790000915527344,649.0800170898438,597.5700073242188,27.459999084472656,23.454999923706055,1357.27001953125,435.6700134277344,200.10000610351562,317.989990234375,72.11000061035156,52.595001220703125,2143.3798828125,649.9500122070312,75.66999816894531,969.0399780273438,84.61000061035156,483.0,168.99200439453125,337.364990234375,90.78399658203125,189.45489501953125,237.76499938964844,165.57000732421875,91.22000122070312,190.17799377441406,112.08000183105469,116.11000061035156,121.02999877929688,138.17999267578125,180.69000244140625,58.8650016784668,178.9199981689453,804.0675048828125,437.06500244140625,186.49000549316406,87.73999786376953,165.10000610351562,509.92999267578125,299.0,158.4499969482422,198.3000030517578,129.9550018310547,433.0150146484375,253.66000366210938,186.38999938964844,220.88499450683594,479.80499267578125,28.485000610351562,210.24000549316406,195.3350067138672,74.62999725341797,224.8524932861328
2026-01-07 15:02:00+00:00,261.6099853515625,137.92999267578125,337.5400085449219,287.9549865722656,261.8900146484375,295.9100036621094,115.23999786376953,421.82000732421875,291.8299865722656,208.69000244140625,342.7550048828125,243.27999877929688,613.3400268554688,116.32499694824219,1226.3399658203125,341.9800109863281,610.0900268554688,96.18000030517578,5406.25,49.53499984741211,85.44000244140625,318.7300109863281,348.6199951171875,210.72000122070312,27.709999084472656,884.3900146484375,38.459999084472656,474.3500061035156,75.26000213623047,62.69499969482422,35.654998779296875,187.30999755859375,84.61499786376953,228.6649932861328,138.8699951171875,70.02999877929688,,43.72999954223633,142.3699951171875,40.595001220703125,67.69000244140625,79.7300033569336,87.05000305175781,124.27999877929688,319.6499938964844,319.2699890136719,202.83999633789062,,176.61000061035156,42.939998626708984,649.0499877929688,597.5599975585938,27.405000686645508,23.440000534057617,1364.219970703125,435.4849853515625,201.02999877929688,318.17999267578125,72.2300033569336,52.5,2141.840087890625,649.5,75.56999969482422,968.9400024414062,84.79720306396484,482.9150085449219,168.26170349121094,339.2300109863281,90.79000091552734,189.53680419921875,238.1699981689453,165.64500427246094,91.2406997680664,190.22000122070312,112.08499908447266,116.02999877929688,121.05999755859375,138.22999572753906,180.625,58.89500045776367,179.14999389648438,803.3400268554688,436.8299865722656,186.77999877929688,87.69999694824219,165.25,509.5199890136719,299.4649963378906,158.2050018310547,198.3000030517578,129.82000732421875,433.2650146484375,253.90499877929688,186.64999389648438,220.8000030517578,479.6549987792969,28.5,210.0399932861328,195.5800018310547,74.61000061035156,224.875
2026-01-07 15:03:00+00:00,261.5899963378906,137.75,337.1549987792969,287.489990234375,261.7850036621094,295.57000732421875,115.31999969482422,422.7799987792969,291.9549865722656,208.9199981689453,342.5,242.9550018310547,613.9749755859375,116.29000091552734,1225.699951171875,342.2699890136719,610.0499877929688,96.29499816894531,5401.68994140625,49.59000015258789,85.49500274658203,318.0799865722656,348.79998779296875,210.49749755859375,27.684999465942383,883.5599975585938,38.40999984741211,473.5050048828125,75.20500183105469,62.94499969482422,35.630001068115234,187.1300048828125,84.38500213623047,227.86500549316406,138.96499633789062,70.05000305175781,204.35000610351562,43.7599983215332,142.38999938964844,40.52000045776367,67.63999938964844,79.55999755859375,86.88999938964844,124.0999984741211,320.44000244140625,319.9921875,202.74989318847656,713.0150146484375,,42.709999084472656,648.9500122070312,597.760009765625,27.360000610351562,23.434999465942383,1361.6201171875,434.760009765625,201.58990478515625,318.4200134277344,72.18000030517578,52.4900016784668,2149.715087890625,649.2750244140625,75.62000274658203,967.75,84.91000366210938,482.57501220703125,167.9149932861328,339.2200012207031,90.81999969482422,189.72000122070312,237.78500366210938,165.3350067138672,91.0999984741211,189.75,111.84500122070312,115.98999786376953,121.19999694824219,138.1999969482422,180.4720001220703,58.775001525878906,179.14010620117188,801.1199951171875,436.1499938964844,186.22000122070312,87.6449966430664,165.25,508.92999267578125,300.5,157.97999572753906,198.63999938964844,129.77000427246094,432.7099914550781,253.50999450683594,186.63999938964844,220.41000366210938,479.3299865722656,28.5,209.75999450683594,196.17999267578125,74.58000183105469,224.2550048828125
2026-01-07 15:04:00+00:00,261.5249938964844,137.79229736328125,337.1099853515625,288.19000244140625,261.7099914550781,295.7650146484375,115.30999755859375,424.5,292.3999938964844,209.55999755859375,341.8299865722656,242.79820251464844,614.9099731445312,116.06999969482422,1226.905029296875,343.07000732421875,610.989990234375,96.30000305175781,5410.81005859375,49.54999923706055,85.55000305175781,317.3800048828125,348.50390625,210.51499938964844,27.684999465942383,883.8900146484375,38.36000061035156,474.5050048828125,75.2699966430664,63.06999969482422,35.57500076293945,187.22999572753906,84.37999725341797,228.06370544433594,139.25999450683594,70.08999633789062,204.34500122070312,43.74129867553711,142.37229919433594,40.474998474121094,67.61000061035156,79.43000030517578,86.93499755859375,124.08999633789062,320.54998779296875,320.2099914550781,202.5552978515625,713.8964233398438,177.14999389648438,42.94499969482422,648.3900146484375,597.1785888671875,27.3700008392334,23.43000030517578,1364.75,436.04998779296875,201.91000366210938,318.95001220703125,72.47000122070312,52.540000915527344,2150.93505859375,648.625,75.66000366210938,967.681884765625,84.85880279541016,482.82000732421875,167.51499938964844,340.21600341796875,90.75499725341797,190.02000427246094,238.44000244140625,165.3383026123047,91.0199966430664,190.05999755859375,111.78500366210938,115.91000366210938,121.23999786376953,138.22000122070312,180.4394989013672,58.78499984741211,179.13949584960938,803.280029296875,436.2145080566406,186.35499572753906,87.62000274658203,165.33999633789062,508.9800109863281,302.4999084472656,158.12879943847656,198.13499450683594,129.99000549316406,433.3999938964844,253.22000122070312,186.61000061035156,220.41000366210938,479.21038818359375,28.514999389648438,209.86849975585938,197.06500244140625,74.5250015258789,224.55999755859375
2026-01-07 15:05:00+00:00,261.4599914550781,137.8300018310547,337.67999267578125,288.6600036621094,261.5199890136719,295.9700012207031,115.25,425.6499938964844,292.3999938964844,209.6999969482422,340.9100036621094,242.88999938964844,614.1400146484375,115.94499969482422,1228.916015625,343.20001220703125,612.9500122070312,96.30000305175781,5406.66015625,49.5,85.45999908447266,317.7300109863281,348.3299865722656,210.35000610351562,27.69729995727539,883.02001953125,38.334999084472656,474.010009765625,75.08000183105469,63.04999923706055,35.54499816894531,186.97500610351562,84.43000030517578,227.9949951171875,139.50999450683594,70.1500015258789,204.32000732421875,43.73500061035156,142.1699981689453,40.369998931884766,67.62000274658203,79.46499633789062,87.0199966430664,124.02999877929688,321.04998779296875,320.6600036621094,202.4250030517578,714.719970703125,176.88499450683594,43.165000915527344,648.5,597.5399780273438,27.309999465942383,23.416900634765625,1368.1700439453125,435.9750061035156,201.9250030517578,318.95001220703125,72.6500015258789,52.4900016784668,2155.010009765625,647.52001953125,75.61000061035156,971.6699829101562,85.0250015258789,482.885009765625,166.8000030517578,339.68499755859375,90.69499969482422,190.06500244140625,238.6999969482422,166.27999877929688,90.8499984741211,190.11000061035156,111.72000122070312,116.12000274658203,121.41999816894531,138.1549072265625,180.24000549316406,58.834999084472656,179.3800048828125,802.3900146484375,436.4800109863281,186.38999938964844,87.58999633789062,165.55999755859375,508.9549865722656,301.8900146484375,158.66000366210938,198.0500030517578,130.07000732421875,433.75,252.56500244140625,187.07000732421875,220.2050018310547,478.7300109863281,28.520000457763672,210.08999633789062,196.7100067138672,74.4749984741211,224.48500061035156
2026-01-07 15:06:00+00:00,261.6300048828125,137.8300018310547,337.2701110839844,288.6549987792969,261.3299865722656,295.6400146484375,115.2300033569336,424.0199890136719,292.55999755859375,210.08990478515625,340.8699951171875,243.25759887695312,615.5650024414062,115.8364028930664,1229.5899658203125,343.6299133300781,612.9600219726562,96.33000183105469,5406.66015625,49.61009979248047,85.38999938964844,318.05999755859375,347.25,210.6300048828125,27.71500015258789,882.1801147460938,38.369998931884766,474.1000061035156,75.13999938964844,63.27000045776367,35.52000045776367,186.7899932861328,84.47000122070312,228.14500427246094,139.84500122070312,70.19499969482422,204.33999633789062,43.69020080566406,142.10000610351562,40.34000015258789,67.56999969482422,79.31510162353516,86.90499877929688,123.93000030517578,320.7099914550781,320.3599853515625,202.1699981689453,716.3200073242188,176.97999572753906,43.35599899291992,647.7949829101562,597.6699829101562,27.290000915527344,23.420000076293945,1365.4549560546875,435.55999755859375,201.77999877929688,319.0299987792969,72.51000213623047,52.46009826660156,2158.703857421875,648.0800170898438,75.53500366210938,974.7899780273438,85.04000091552734,483.4440002441406,166.63999938964844,341.6000061035156,90.7300033569336,190.6446075439453,238.97000122070312,166.1699981689453,90.80999755859375,189.92999267578125,111.57499694824219,116.01000213623047,121.25,138.12989807128906,180.26499938964844,58.849998474121094,179.27999877929688,801.97998046875,436.31500244140625,186.27999877929688,87.62000274658203,165.53750610351562,509.6050109863281,302.8299865722656,158.6300048828125,198.08999633789062,130.1199951171875,434.57501220703125,252.76499938964844,186.88499450683594,219.6999969482422,478.5849914550781,28.524999618530273,209.80499267578125,197.74000549316406,74.44000244140625,224.16000366210938
2026-01-07 15:07:00+00:00,261.5260009765625,137.8300018310547,336.55999755859375,288.5050048828125,261.1300048828125,295.67999267578125,115.31999969482422,424.9049987792969,292.760009765625,210.38999938964844,340.6449890136719,242.71200561523438,615.97998046875,115.84609985351562,1229.010009765625,343.9200134277344,611.0,96.2699966430664,5404.52490234375,49.65620040893555,85.38999938964844,317.8900146484375,347.93280029296875,210.47500610351562,27.66990089416504,881.760009765625,38.34000015258789,474.5050048828125,75.17500305175781,63.959999084472656,35.5099983215332,186.68499755859375,84.37000274658203,228.17999267578125,139.52999877929688,70.10050201416016,,43.71500015258789,142.26499938964844,40.29999923706055,67.62000274658203,79.25,86.8499984741211,123.52999877929688,320.8409118652344,320.5299987792969,202.47999572753906,717.3200073242188,176.9499969482422,43.45000076293945,646.97998046875,597.1199951171875,27.274999618530273,23.405000686645508,1368.1600341796875,434.92498779296875,201.90499877929688,319.0299987792969,72.62999725341797,52.470001220703125,2152.389892578125,647.0900268554688,75.4800033569336,,85.16999816894531,483.05999755859375,165.27499389648438,341.8500061035156,90.63990020751953,190.9550018310547,238.5800018310547,166.28500366210938,90.76000213623047,189.73500061035156,111.4000015258789,115.9800033569336,121.3499984741211,138.02499389648438,180.01019287109375,58.72850036621094,179.24000549316406,802.9949951171875,435.95001220703125,185.8699951171875,87.54000091552734,165.52000427246094,510.1300048828125,303.45001220703125,158.5749969482422,198.11500549316406,129.97000122070312,434.4849853515625,252.02999877929688,186.8000030517578,220.0399932861328,,28.525400161743164,209.8300018310547,198.9550018310547,74.43000030517578,224.16969299316406
2026-01-07 15:08:00+00:00,261.3599853515625,137.8300018310547,336.4049987792969,288.614990234375,260.7799987792969,295.5199890136719,115.22000122070312,426.80499267578125,292.7799987792969,210.48599243164062,340.625,242.97999572753906,615.6849975585938,115.73999786376953,1229.5,343.7550048828125,610.1300048828125,96.2699966430664,5394.8154296875,49.604698181152344,85.3499984741211,316.8299865722656,346.5899963378906,210.49000549316406,27.674999237060547,881.6799926757812,38.33000183105469,473.9150085449219,75.20500183105469,63.880001068115234,35.494998931884766,186.51499938964844,84.41000366210938,227.6699981689453,139.72999572753906,70.16500091552734,204.3249969482422,43.67499923706055,142.33999633789062,40.27799987792969,67.61000061035156,79.26000213623047,86.97000122070312,123.69000244140625,320.57000732421875,320.1600036621094,202.74000549316406,716.8800048828125,176.9550018310547,43.439998626708984,647.2100219726562,596.9450073242188,27.280000686645508,23.405000686645508,1366.2158203125,434.5299987792969,202.27999877929688,319.114990234375,72.80000305175781,52.44499969482422,2156.570068359375,646.8599853515625,75.45999908447266,975.0,85.07499694824219,482.9200134277344,164.78750610351562,342.215087890625,90.625,190.8699951171875,238.3350067138672,166.25,90.7300033569336,189.66000366210938,111.29499816894531,116.12000274658203,121.29989624023438,138.00999450683594,179.74000549316406,58.744998931884766,179.69000244140625,802.614990234375,436.04998779296875,185.9149932861328,87.56500244140625,165.48500061035156,508.55999755859375,303.5,158.75,198.1199951171875,,433.9599914550781,251.55999755859375,187.0500030517578,219.92999267578125,478.5400085449219,28.534900665283203,209.8800048828125,199.08349609375,74.3550033569336,224.1649932861328
2026-01-07 15:09:00+00:00,261.37908935546875,137.8699951171875,336.3900146484375,288.6600036621094,261.05499267578125,295.20001220703125,115.05999755859375,426.6700134277344,292.5325012207031,210.3524932861328,341.25,243.0800018310547,616.1343994140625,115.69499969482422,1229.719970703125,343.3399963378906,609.9000244140625,96.26000213623047,5395.080078125,49.605098724365234,85.30000305175781,317.125,346.07501220703125,210.4600067138672,27.700000762939453,882.6699829101562,38.31999969482422,474.3999938964844,75.19000244140625,64.0,35.5099983215332,186.4600067138672,84.37999725341797,227.6999969482422,140.11000061035156,70.28500366210938,204.35000610351562,43.654998779296875,141.97999572753906,40.31999969482422,67.5999984741211,79.2750015258789,86.91000366210938,123.76000213623047,320.42498779296875,320.0775146484375,202.91000366210938,717.6300048828125,177.14999389648438,43.47999954223633,646.739990234375,597.25,27.375,23.435100555419922,1365.93994140625,434.82000732421875,202.14500427246094,319.29998779296875,72.94000244140625,52.55500030517578,2150.969970703125,646.6500244140625,75.66000366210938,973.280029296875,85.0199966430664,483.31500244140625,164.9149932861328,342.2099914550781,90.5999984741211,190.7454071044922,238.91000366210938,166.3800048828125,90.70500183105469,189.75999450683594,111.41999816894531,116.41000366210938,121.1449966430664,138.16000366210938,180.16000366210938,58.755001068115234,180.00999450683594,802.0,435.6199951171875,186.42999267578125,87.56999969482422,165.67999267578125,508.69000244140625,303.17498779296875,158.8350067138672,197.97000122070312,130.02000427246094,433.79669189453125,251.55999755859375,187.00999450683594,220.08999633789062,478.69000244140625,28.530000686645508,,198.5800018310547,74.375,224.25999450683594
2026-01-07 15:10:00+00:00,261.739990234375,137.86000061035156,336.6050109863281,289.07000732421875,261.0350036621094,295.4800109863281,115.08499908447266,425.5400085449219,292.1400146484375,210.4550018310547,340.8999938964844,243.48899841308594,616.02392578125,115.63009643554688,1229.1839599609375,343.6098937988281,610.6425170898438,96.18499755859375,5395.68994140625,49.6150016784668,85.30500030517578,317.2799987792969,345.7598876953125,210.26499938964844,27.756200790405273,883.5700073242188,38.290000915527344,474.6499938964844,75.11499786376953,63.97999954223633,35.529998779296875,186.57000732421875,84.27999877929688,227.63499450683594,140.10000610351562,70.19999694824219,204.3300018310547,43.650001525878906,142.01499938964844,40.404998779296875,67.56099700927734,79.45999908447266,86.91000366210938,123.70999908447266,320.4200134277344,319.9700012207031,202.75999450683594,716.9749755859375,176.97000122070312,43.40999984741211,647.4400024414062,596.9600219726562,27.3700008392334,23.43000030517578,1364.1949462890625,434.42498779296875,201.94500732421875,319.44000244140625,72.73500061035156,52.58000183105469,2149.0,647.8150024414062,75.73500061035156,974.260009765625,84.93499755859375,483.94000244140625,163.69520568847656,342.6300048828125,90.58000183105469,190.61000061035156,238.86000061035156,166.0500030517578,90.62000274658203,189.9250030517578,111.4800033569336,116.33000183105469,121.15499877929688,138.27999877929688,180.3800048828125,58.70500183105469,180.0,800.75,436.3599853515625,186.52999877929688,87.48739624023438,165.3300018310547,508.3900146484375,302.8999938964844,158.96749877929688,197.99000549316406,,434.5400085449219,,186.80189514160156,220.40499877929688,478.510009765625,28.50670051574707,210.21499633789062,198.3800048828125,74.33000183105469,224.27999877929688
2026-01-07 15:11:00+00:00,261.739990234375,137.82000732421875,336.1199951171875,288.90899658203125,260.6199951171875,294.7300109863281,115.0199966430664,423.1600036621094,292.0299987792969,210.3350067138672,341.0050048828125,243.55999755859375,617.2899780273438,115.68350219726562,1229.425048828125,343.989990234375,611.1900024414062,96.05999755859375,5397.580078125,49.56999969482422,85.20999908447266,316.30999755859375,346.0849914550781,210.4499969482422,27.725000381469727,883.9500122070312,38.275001525878906,473.67999267578125,75.0999984741211,63.89500045776367,35.525001525878906,186.38999938964844,84.2300033569336,227.22000122070312,139.9499969482422,70.20999908447266,204.3300018310547,43.63999938964844,141.89500427246094,40.34000015258789,,79.33000183105469,86.9000015258789,123.69000244140625,320.8299865722656,320.510009765625,202.22000122070312,715.6900024414062,177.08999633789062,43.487998962402344,646.9299926757812,596.4686279296875,27.329999923706055,23.395000457763672,1366.0899658203125,434.2200012207031,201.4550018310547,319.43499755859375,72.66999816894531,52.44499969482422,2152.6201171875,648.2000122070312,75.7699966430664,970.2999877929688,84.69999694824219,483.3299865722656,163.3300018310547,343.25,90.6708984375,190.52000427246094,237.9199981689453,166.19500732421875,90.66500091552734,189.63999938964844,111.31500244140625,116.36000061035156,121.23999786376953,138.1699981689453,180.625,58.689998626708984,179.7050018310547,799.1799926757812,436.05999755859375,186.46499633789062,87.44999694824219,165.4976043701172,508.42999267578125,302.9100036621094,158.77999877929688,198.13999938964844,130.0449981689453,434.3999938964844,251.47500610351562,186.75999450683594,220.19000244140625,478.42498779296875,28.510000228881836,210.125,198.1649932861328,74.31999969482422,224.2100067138672
2026-01-07 15:12:00+00:00,262.0400085449219,137.7100067138672,335.9100036621094,288.92999267578125,260.625,294.7250061035156,115.00499725341797,424.5199890136719,292.4200134277344,210.64349365234375,340.3500061035156,243.88999938964844,617.0250244140625,116.02999877929688,1229.219970703125,344.3599853515625,611.3599853515625,95.98500061035156,5395.830078125,49.4900016784668,85.22000122070312,316.79998779296875,346.05999755859375,210.4600067138672,27.719999313354492,883.989990234375,38.28499984741211,473.3500061035156,75.1449966430664,63.869998931884766,35.494998931884766,186.3699951171875,84.19499969482422,227.1199951171875,139.75999450683594,70.23999786376953,204.32000732421875,43.630001068115234,141.77000427246094,40.345001220703125,,79.30999755859375,86.8550033569336,123.45999908447266,320.9809875488281,320.66241455078125,202.2100067138672,716.5499877929688,177.09500122070312,43.6349983215332,646.80517578125,595.7349853515625,27.290000915527344,23.3799991607666,,433.70001220703125,201.88499450683594,319.1499938964844,72.56999969482422,52.44499969482422,2151.1298828125,647.9849853515625,75.93000030517578,971.780029296875,84.58989715576172,483.9100036621094,163.4199981689453,342.26800537109375,90.61499786376953,190.68499755859375,237.92999267578125,166.1699981689453,90.6050033569336,189.55999755859375,111.29000091552734,116.33000183105469,121.25,138.0500030517578,180.7449951171875,58.71500015258789,179.75,798.1350708007812,436.06500244140625,186.59500122070312,87.375,165.27499389648438,508.60400390625,302.5,159.0399932861328,198.13499450683594,130.00999450683594,434.489990234375,251.5,186.6750030517578,220.09500122070312,478.55499267578125,28.5,210.23500061035156,197.5,74.3499984741211,223.9499969482422
2026-01-07 15:13:00+00:00,261.93499755859375,137.76499938964844,336.05999755859375,288.93499755859375,260.66571044921875,295.010009765625,114.91000366210938,423.7799987792969,292.44500732421875,210.39450073242188,340.4100036621094,243.69500732421875,616.0999755859375,115.87999725341797,1228.1700439453125,343.9800109863281,611.9400024414062,95.98500061035156,5402.1201171875,49.5,85.37999725341797,316.7850036621094,345.4849853515625,210.47999572753906,27.75,883.9099731445312,38.317298889160156,473.8110046386719,75.16000366210938,64.16999816894531,35.48500061035156,186.36000061035156,84.19000244140625,226.39500427246094,140.12669372558594,70.20500183105469,204.3300018310547,43.619998931884766,141.97500610351562,40.41999816894531,67.55000305175781,79.38999938964844,86.87999725341797,123.39140319824219,320.4849853515625,320.1600036621094,202.33999633789062,716.9600219726562,176.98500061035156,43.64500045776367,646.2100219726562,595.4401245117188,27.30500030517578,23.356000900268555,1364.8299560546875,434.05499267578125,201.5500030517578,319.4700012207031,72.62999725341797,52.400001525878906,2154.10009765625,647.0,76.0199966430664,971.7999877929688,84.45999908447266,483.5199890136719,163.39999389648438,342.1199951171875,90.54499816894531,190.52999877929688,237.81500244140625,165.8800048828125,90.70500183105469,189.82000732421875,111.36000061035156,116.38500213623047,121.28500366210938,138.08999633789062,180.55999755859375,58.71039962768555,179.89500427246094,798.1898803710938,436.010009765625,186.625,87.36000061035156,165.11000061035156,508.0249938964844,301.70001220703125,159.39999389648438,198.19000244140625,130.05999755859375,434.18499755859375,251.4149932861328,186.81500244140625,220.3300018310547,478.385009765625,28.510000228881836,210.3000030517578,197.02000427246094,74.33999633789062,223.77000427246094
2026-01-07 15:14:00+00:00,262.0398864746094,137.64999389648438,336.2699890136719,288.7550048828125,260.6300048828125,294.80999755859375,114.76000213623047,423.510009765625,292.5450134277344,210.22999572753906,340.32000732421875,243.77000427246094,616.8300170898438,115.8904037475586,1228.81005859375,344.17999267578125,612.280029296875,95.92500305175781,5406.27490234375,49.40999984741211,85.2300033569336,317.0249938964844,344.2200012207031,210.16299438476562,27.739999771118164,884.989990234375,38.334999084472656,474.2699890136719,75.1500015258789,63.96500015258789,35.46500015258789,186.52000427246094,84.25,226.9600067138672,139.9300994873047,70.23999786376953,204.3300018310547,43.560001373291016,141.8350067138672,40.3849983215332,,79.37999725341797,86.86499786376953,123.48999786376953,320.4399108886719,320.1189880371094,202.14500427246094,716.9500122070312,176.77499389648438,43.581199645996094,647.2249755859375,595.5599975585938,27.28499984741211,23.359899520874023,1364.9599609375,434.2699890136719,201.55999755859375,319.44000244140625,72.67500305175781,52.34000015258789,2150.0,647.405029296875,76.00499725341797,972.5,84.43499755859375,483.7550048828125,163.0800018310547,342.8599853515625,90.58000183105469,190.51499938964844,237.66000366210938,166.22000122070312,90.66000366210938,189.9250030517578,111.46499633789062,116.33999633789062,121.27999877929688,138.0500030517578,180.75,58.72999954223633,179.8249969482422,797.5599975585938,436.25,186.61500549316406,87.36000061035156,165.2899932861328,508.0249938964844,302.4649963378906,159.32249450683594,197.9550018310547,129.7675018310547,434.0705871582031,251.35009765625,186.64999389648438,220.4250030517578,478.6499938964844,28.514999389648438,210.32000732421875,196.9149932861328,74.19499969482422,223.92999267578125
2026-01-07 15:15:00+00:00,261.8100891113281,137.57000732421875,335.9800109863281,288.7101135253906,260.4100036621094,294.4649963378906,114.70999908447266,424.2950134277344,292.8500061035156,209.7100067138672,340.6650085449219,243.33999633789062,616.1699829101562,115.76000213623047,1227.3399658203125,343.6300048828125,610.510009765625,95.87999725341797,5404.60498046875,49.459999084472656,85.12999725341797,316.68499755859375,343.1400146484375,209.89999389648438,27.71500015258789,884.9099731445312,38.36000061035156,473.3550109863281,75.18000030517578,63.915000915527344,35.470001220703125,186.36000061035156,84.16000366210938,226.50999450683594,139.96499633789062,70.2135009765625,204.3249969482422,43.529998779296875,141.82400512695312,40.3754997253418,67.55999755859375,79.36000061035156,86.92500305175781,123.51000213623047,320.42999267578125,320.1400146484375,201.92999267578125,716.9650268554688,176.69000244140625,43.500701904296875,646.423095703125,595.5150146484375,27.260000228881836,23.31999969482422,1364.9599609375,434.0450134277344,201.5399932861328,319.18499755859375,72.7300033569336,52.33000183105469,2152.050048828125,646.8599853515625,75.93000030517578,972.1599731445312,84.25499725341797,483.0899963378906,161.625,341.79998779296875,90.4749984741211,190.47970581054688,237.88499450683594,166.27999877929688,90.69999694824219,189.96499633789062,111.37000274658203,116.31999969482422,121.12000274658203,137.97000122070312,180.5500030517578,58.707000732421875,179.75,796.7000122070312,435.760009765625,186.38999938964844,87.33999633789062,164.7949981689453,507.5400085449219,301.2099914550781,158.875,197.77499389648438,129.63999938964844,433.3572082519531,251.5677032470703,186.77000427246094,220.16000366210938,477.8374938964844,28.510000228881836,210.14010620117188,196.52999877929688,74.12999725341797,223.7899932861328
2026-01-07 15:16:00+00:00,261.9800109863281,137.5449981689453,335.4849853515625,288.5350036621094,260.1600036621094,294.6499938964844,114.7300033569336,423.7200012207031,292.3800048828125,209.75,340.7799987792969,243.1999969482422,615.5275268554688,115.69999694824219,1226.8699951171875,343.70001220703125,611.3800048828125,95.75,5404.60498046875,49.45000076293945,85.1500015258789,316.67999267578125,343.2099914550781,210.0399932861328,27.729999542236328,885.2949829101562,38.290000915527344,472.75,75.16500091552734,63.70000076293945,35.44070053100586,186.27999877929688,84.08999633789062,226.25,139.94000244140625,70.16999816894531,,43.540000915527344,141.83599853515625,40.400001525878906,,79.2699966430664,86.89250183105469,123.62999725341797,320.6401062011719,320.33599853515625,202.01499938964844,,176.65499877929688,43.55500030517578,646.0700073242188,595.5700073242188,27.2450008392334,23.29680061340332,1365.030029296875,433.81500244140625,201.3800048828125,319.3500061035156,72.66999816894531,52.310001373291016,2150.0,647.7100219726562,75.98999786376953,971.864990234375,84.38500213623047,483.6650085449219,160.76499938964844,342.6199951171875,90.46820068359375,190.6999969482422,237.05999755859375,165.9949951171875,90.6050033569336,189.81849670410156,111.3499984741211,116.19000244140625,120.93499755859375,137.89999389648438,180.6199951171875,58.64649963378906,179.49000549316406,797.4000244140625,435.989990234375,186.17999267578125,87.23999786376953,164.84500122070312,507.7300109863281,301.57000732421875,158.60000610351562,197.3000030517578,129.4550018310547,433.54998779296875,251.67649841308594,186.56500244140625,220.1300048828125,478.4200134277344,28.510000228881836,209.77000427246094,196.77220153808594,74.0999984741211,223.6199951171875
2026-01-07 15:17:00+00:00,262.06500244140625,137.30999755859375,335.32000732421875,288.2300109863281,260.04998779296875,294.4599914550781,114.70500183105469,423.6477966308594,291.8399963378906,209.52000427246094,340.8800048828125,242.66000366210938,613.9349975585938,115.5999984741211,1227.3399658203125,344.2149963378906,611.4400024414062,95.66000366210938,5396.75,49.4900016784668,85.13500213623047,316.9100036621094,343.0950012207031,210.53500366210938,27.809999465942383,887.2150268554688,38.310001373291016,472.3900146484375,75.20999908447266,63.56999969482422,35.45429992675781,186.49000549316406,84.09500122070312,225.58999633789062,139.9550018310547,70.04499816894531,204.3249969482422,43.525001525878906,141.82249450683594,40.375,67.47000122070312,79.25,86.83499908447266,123.4800033569336,319.6099853515625,319.32000732421875,202.27499389648438,717.0900268554688,176.67999267578125,43.58570098876953,646.2100219726562,594.989990234375,27.250099182128906,23.295000076293945,1363.7099609375,433.79998779296875,201.2100067138672,319.0199890136719,72.67500305175781,52.32500076293945,2153.090087890625,647.094970703125,75.91000366210938,971.1900024414062,84.08000183105469,483.4230041503906,160.39500427246094,342.1449890136719,90.37030029296875,190.4149932861328,237.05999755859375,165.61000061035156,90.66000366210938,189.75,111.36000061035156,116.38999938964844,120.90499877929688,137.97000122070312,180.3000030517578,58.57789993286133,179.42999267578125,798.989990234375,435.82501220703125,186.42999267578125,87.20999908447266,164.8300018310547,507.3500061035156,300.2950134277344,158.4199981689453,197.69500732421875,,432.8800048828125,251.43499755859375,186.4199981689453,220.27999877929688,478.4200134277344,28.510099411010742,209.52000427246094,196.3000030517578,74.1050033569336,222.7449951171875
2026-01-07 15:18:00+00:00,262.2298889160156,137.30999755859375,335.239990234375,288.135009765625,260.17498779296875,294.7049865722656,114.59380340576172,424.30999755859375,292.1300048828125,209.57000732421875,340.54998779296875,242.63499450683594,614.6199951171875,115.6500015258789,1227.9849853515625,344.92999267578125,614.0,95.7300033569336,5397.81982421875,49.630001068115234,85.08000183105469,317.260009765625,342.2950134277344,210.47000122070312,27.81999969482422,886.4199829101562,38.380001068115234,472.17498779296875,75.1500015258789,63.599998474121094,35.415000915527344,186.55499267578125,84.04000091552734,225.6699981689453,139.99000549316406,69.99500274658203,204.3300018310547,43.48500061035156,141.85000610351562,40.380001068115234,67.5199966430664,79.19000244140625,86.80500030517578,123.4749984741211,319.82000732421875,319.4949951171875,202.1699981689453,717.989990234375,176.59100341796875,43.78499984741211,646.0700073242188,595.989990234375,27.229999542236328,23.264999389648438,1363.9599609375,433.7850036621094,201.6300048828125,318.9649963378906,72.68499755859375,52.22019958496094,2150.989990234375,647.4149780273438,75.9800033569336,969.7999877929688,84.2699966430664,483.68499755859375,159.8300018310547,343.5299987792969,90.35189819335938,190.6199951171875,236.89500427246094,165.67999267578125,90.67500305175781,189.83999633789062,111.42500305175781,116.23999786376953,120.97000122070312,137.83999633789062,180.3708038330078,58.57500076293945,179.3800048828125,797.5900268554688,435.94000244140625,186.30999755859375,87.12000274658203,164.9199981689453,507.9849853515625,300.67999267578125,158.45750427246094,197.2899932861328,129.61000061035156,433.50201416015625,251.61000061035156,186.53500366210938,220.26499938964844,478.260009765625,28.510000228881836,209.66000366210938,196.9550018310547,74.04000091552734,223.02000427246094
2026-01-07 15:19:00+00:00,262.364990234375,137.31500244140625,335.2200012207031,287.7900085449219,260.17498779296875,294.8500061035156,114.5999984741211,424.55999755859375,291.82000732421875,209.83999633789062,340.6050109863281,242.41000366210938,614.6782836914062,115.4000015258789,1228.10498046875,345.12750244140625,614.22998046875,95.73999786376953,5397.81982421875,49.52000045776367,85.04000091552734,317.114990234375,341.54998779296875,210.2449951171875,27.780000686645508,886.594970703125,38.279998779296875,471.9700012207031,75.13999938964844,63.66999816894531,35.404998779296875,186.5050048828125,84.07499694824219,225.3249969482422,140.19000244140625,69.94000244140625,204.3249969482422,43.48500061035156,141.5709991455078,40.415000915527344,67.5199966430664,79.18000030517578,86.79499816894531,123.52999877929688,319.8999938964844,319.5799865722656,201.96499633789062,718.8599853515625,176.77999877929688,43.73929977416992,,595.885009765625,27.204200744628906,23.2549991607666,1363.9549560546875,433.6400146484375,201.44009399414062,318.9649963378906,72.59500122070312,52.165000915527344,2149.860107421875,647.614990234375,75.93000030517578,969.7849731445312,84.33000183105469,484.07000732421875,160.02000427246094,343.614990234375,90.34500122070312,190.74000549316406,236.2949981689453,165.67999267578125,90.66000366210938,190.0,111.37000274658203,116.15499877929688,120.94000244140625,137.8000030517578,179.99000549316406,58.5,179.05999755859375,797.2449951171875,435.68499755859375,186.3300018310547,87.16000366210938,164.88999938964844,507.7550048828125,300.8500061035156,158.23500061035156,197.2899932861328,129.49000549316406,433.8299865722656,,186.30999755859375,220.25999450683594,478.1700134277344,28.514999389648438,209.5050048828125,197.1300048828125,74.02999877929688,223.64500427246094
2026-01-07 15:20:00+00:00,262.2598876953125,137.3300018310547,335.3900146484375,287.8550109863281,260.1300048828125,294.7200012207031,114.67749786376953,424.67999267578125,292.1400146484375,209.9561004638672,341.1499938964844,242.39999389648438,615.0147705078125,115.26010131835938,1228.114990234375,345.4800109863281,613.7550048828125,95.875,5385.61376953125,49.48500061035156,85.0,317.20001220703125,341.260009765625,210.24000549316406,27.799999237060547,885.6599731445312,38.29499816894531,472.0,75.15499877929688,63.61000061035156,35.43149948120117,186.49000549316406,84.06500244140625,225.61500549316406,140.35499572753906,69.87000274658203,,43.494998931884766,141.4949951171875,40.35499954223633,67.50499725341797,79.18000030517578,86.8499984741211,123.4800033569336,319.79998779296875,319.3800048828125,202.0,718.1500244140625,176.63499450683594,43.80440139770508,646.2449951171875,596.3200073242188,27.19499969482422,23.2549991607666,1362.010009765625,433.42999267578125,201.5399932861328,319.010009765625,72.58000183105469,52.14500045776367,2151.472412109375,647.2728271484375,75.94000244140625,971.5,84.38500213623047,483.7950134277344,160.36749267578125,343.3399963378906,90.34500122070312,190.8939971923828,236.4250030517578,165.6699981689453,90.67630004882812,190.02999877929688,111.3499984741211,116.16000366210938,120.94999694824219,137.80499267578125,180.2100067138672,58.54999923706055,178.85000610351562,799.2000122070312,436.0,186.32000732421875,87.13999938964844,164.8300018310547,507.5050048828125,301.29998779296875,158.58999633789062,197.23500061035156,129.54989624023438,434.12200927734375,251.52000427246094,186.27499389648438,220.23500061035156,478.2950134277344,28.514999389648438,209.52499389648438,197.55999755859375,74.0999984741211,223.6199951171875
2026-01-07 15:21:00+00:00,262.1499938964844,137.1999969482422,335.2300109863281,288.18499755859375,259.9200134277344,294.69000244140625,114.6050033569336,424.4800109863281,293.0950012207031,210.41000366210938,341.3299865722656,242.7100067138672,615.39501953125,115.20999908447266,1228.5799560546875,346.0,616.8200073242188,95.95999908447266,5383.0,49.5099983215332,85.01000213623047,317.5199890136719,340.8399963378906,210.15499877929688,27.78499984741211,885.8800048828125,38.314998626708984,472.5,75.19000244140625,63.67499923706055,35.435001373291016,186.47500610351562,84.06500244140625,225.74000549316406,140.61990356445312,69.92500305175781,204.3300018310547,43.47999954223633,141.625,40.380001068115234,67.55000305175781,79.25,86.9000015258789,123.62999725341797,320.1440124511719,319.8550109863281,201.69500732421875,,176.64500427246094,43.801300048828125,646.2999877929688,596.0,27.18000030517578,23.2450008392334,1367.1199951171875,433.2950134277344,201.99000549316406,319.17999267578125,72.51000213623047,52.11000061035156,2151.385009765625,647.1599731445312,75.93000030517578,975.75,84.41500091552734,483.9599914550781,160.38519287109375,343.864990234375,90.33499908447266,190.8699951171875,236.49749755859375,166.07000732421875,90.66999816894531,189.9499969482422,111.34500122070312,116.37000274658203,120.9800033569336,137.7100067138672,180.42999267578125,58.547698974609375,179.14999389648438,798.5499877929688,435.7192077636719,186.35499572753906,87.22000122070312,165.07000732421875,508.0350036621094,301.95001220703125,158.46499633789062,197.24000549316406,129.44000244140625,433.44000244140625,251.47000122070312,186.33999633789062,220.1199951171875,478.8599853515625,28.530000686645508,209.33999633789062,197.30999755859375,74.06999969482422,223.5800018310547
2026-01-07 15:22:00+00:00,262.0450134277344,137.19500732421875,335.1050109863281,288.2799987792969,259.8699951171875,294.69000244140625,114.54000091552734,424.0249938964844,293.56500244140625,210.4398956298828,340.6700134277344,242.4199981689453,615.8099975585938,115.24500274658203,1229.31005859375,346.6449890136719,616.9500122070312,95.86000061035156,5389.705078125,49.5,84.9800033569336,317.44000244140625,341.54998779296875,209.72999572753906,27.78499984741211,885.3499755859375,38.310001373291016,472.6300048828125,75.19999694824219,63.58000183105469,35.39500045776367,186.3699951171875,84.11000061035156,225.72999572753906,140.44000244140625,69.90499877929688,204.3300018310547,43.45500183105469,141.59669494628906,40.415000915527344,67.54000091552734,79.16500091552734,86.8550033569336,123.41000366210938,320.20001220703125,319.8999938964844,201.83999633789062,717.9299926757812,175.97999572753906,43.91999816894531,646.52001953125,594.8699951171875,27.170000076293945,23.25,1365.35498046875,433.2699890136719,202.0894012451172,319.0751037597656,72.54499816894531,52.064998626708984,2149.64990234375,646.9450073242188,75.8949966430664,976.530029296875,84.48999786376953,483.2900085449219,159.72999572753906,344.3399963378906,90.28510284423828,191.0,236.58999633789062,166.0800018310547,90.65499877929688,189.73500061035156,111.20500183105469,116.30999755859375,120.83999633789062,137.62130737304688,180.38999938964844,58.510101318359375,179.0749969482422,798.0,435.625,186.4219970703125,87.25630187988281,165.02999877929688,507.739990234375,303.4800109863281,158.4499969482422,197.1300048828125,129.35000610351562,433.5199890136719,,186.55499267578125,219.91000366210938,477.510009765625,28.5049991607666,209.60000610351562,198.3000030517578,74.04010009765625,223.58999633789062
2026-01-07 15:23:00+00:00,262.05999755859375,137.3699951171875,334.74560546875,288.8125,259.8349914550781,294.7699890136719,114.57749938964844,424.6700134277344,293.70001220703125,210.32000732421875,341.18499755859375,242.5561981201172,615.0700073242188,115.24500274658203,1229.18505859375,346.94500732421875,615.9019775390625,96.06500244140625,5389.705078125,49.43000030517578,84.9800033569336,317.4800109863281,341.6199951171875,209.77000427246094,27.7549991607666,885.5800170898438,38.29499816894531,472.32000732421875,75.19499969482422,63.55500030517578,35.369998931884766,186.14010620117188,84.1500015258789,225.74000549316406,140.6750030517578,69.97000122070312,204.35000610351562,43.470001220703125,141.60000610351562,40.415000915527344,67.51000213623047,79.08000183105469,86.87999725341797,123.56999969482422,319.9200134277344,319.6499938964844,201.66000366210938,718.1400146484375,176.39500427246094,44.03929901123047,647.0999145507812,595.1400146484375,27.14430046081543,23.235000610351562,1367.9649658203125,433.2900085449219,202.01010131835938,319.239990234375,72.79000091552734,51.974998474121094,2152.85009765625,645.9799194335938,75.93000030517578,976.6099853515625,84.5999984741211,483.0,159.0800018310547,344.58990478515625,90.23989868164062,191.1649932861328,237.0,166.07000732421875,90.66000366210938,189.88999938964844,111.19499969482422,116.46749877929688,120.94000244140625,137.6199951171875,180.2949981689453,58.5099983215332,179.1300048828125,799.0750122070312,435.739990234375,186.3800048828125,87.2698974609375,165.0594024658203,507.6000061035156,303.9200134277344,158.4499969482422,197.10499572753906,,433.7395935058594,251.36500549316406,186.36000061035156,219.99000549316406,477.84039306640625,28.510000228881836,209.60000610351562,198.5,74.02249908447266,223.52999877929688
2026-01-07 15:24:00+00:00,261.9649963378906,137.4600067138672,335.4800109863281,289.0400085449219,259.9700012207031,294.8999938964844,114.61990356445312,423.989990234375,293.6000061035156,210.5,340.9800109863281,242.6699981689453,616.22998046875,115.16500091552734,1228.8599853515625,347.1700134277344,614.75,96.0250015258789,5393.97998046875,49.45000076293945,85.0250015258789,317.6700134277344,341.1300048828125,210.11000061035156,27.795000076293945,886.1199951171875,38.35499954223633,472.9649963378906,75.18099975585938,63.58000183105469,35.3849983215332,186.5399932861328,84.26000213623047,225.41000366210938,140.8000030517578,69.96299743652344,204.35499572753906,43.474998474121094,141.58900451660156,40.41999816894531,67.48999786376953,79.19999694824219,86.94000244140625,123.52999877929688,319.75,319.44000244140625,201.375,717.7332153320312,,44.25,646.5700073242188,596.0750122070312,27.125,23.225000381469727,1367.925048828125,433.739990234375,202.1999969482422,319.4200134277344,72.79000091552734,52.0099983215332,2154.705078125,646.5999755859375,76.0,979.280029296875,84.625,482.864990234375,159.92999267578125,344.43499755859375,90.23500061035156,191.19500732421875,237.0800018310547,166.3000030517578,90.58999633789062,190.13999938964844,111.37000274658203,116.58999633789062,120.94999694824219,137.6699981689453,180.26499938964844,58.474998474121094,179.00999450683594,799.25,435.8699951171875,186.52999877929688,87.2300033569336,165.1300048828125,507.7099914550781,303.3599853515625,158.97500610351562,197.14500427246094,129.4550018310547,434.5,251.55499267578125,186.4600067138672,219.99000549316406,477.4599914550781,28.5049991607666,209.77999877929688,198.38499450683594,74.05000305175781,223.72999572753906
2026-01-07 15:25:00+00:00,261.9800109863281,137.3800048828125,335.239990234375,288.67999267578125,260.05999755859375,294.9100036621094,114.55999755859375,424.2300109863281,293.30999755859375,210.52000427246094,340.68499755859375,242.47000122070312,616.5,115.02999877929688,1228.02001953125,346.5,612.0800170898438,96.0250015258789,5393.5849609375,49.51499938964844,85.02999877929688,317.19000244140625,340.4800109863281,210.1199951171875,27.825000762939453,886.9998779296875,38.345001220703125,472.69000244140625,75.15899658203125,63.7400016784668,35.404998779296875,186.5800018310547,84.20500183105469,225.52000427246094,140.99000549316406,69.9749984741211,204.35499572753906,43.4900016784668,141.76600646972656,40.42499923706055,67.52999877929688,79.12999725341797,87.01000213623047,123.45999908447266,319.7701110839844,319.4200134277344,201.3300018310547,719.969970703125,176.38999938964844,44.36289978027344,646.8300170898438,596.3400268554688,27.1299991607666,23.21500015258789,1367.1949462890625,433.6199951171875,202.0800018310547,319.6199951171875,72.66500091552734,52.04499816894531,2156.10498046875,646.1699829101562,76.0199966430664,975.9000244140625,84.58000183105469,483.1000061035156,159.48739624023438,344.4599914550781,90.2249984741211,190.83009338378906,236.97000122070312,166.4499969482422,90.61000061035156,190.0,111.28500366210938,116.73999786376953,120.94999694824219,137.72000122070312,180.1385955810547,58.45000076293945,178.4550018310547,798.8200073242188,435.70001220703125,186.61000061035156,87.26000213623047,165.11000061035156,507.5150146484375,302.81500244140625,158.77999877929688,197.18499755859375,,433.4197998046875,,186.47999572753906,219.80499267578125,476.79998779296875,28.5049991607666,209.6750030517578,198.3000030517578,74.0199966430664,223.5800018310547
2026-01-07 15:26:00+00:00,261.9049987792969,137.4499969482422,335.0899963378906,288.8800048828125,259.9700012207031,294.8450012207031,114.62999725341797,425.1700134277344,293.29998779296875,210.44000244140625,340.69769287109375,242.33999633789062,615.9500122070312,115.32499694824219,1228.6300048828125,346.3398132324219,613.0,96.01000213623047,5397.06982421875,49.459999084472656,85.01000213623047,317.3699951171875,340.739990234375,210.26499938964844,27.825000762939453,887.5999755859375,38.29999923706055,472.3999938964844,75.1050033569336,63.73500061035156,35.435001373291016,186.69000244140625,84.23999786376953,225.60499572753906,140.88499450683594,69.98500061035156,204.36000061035156,43.5099983215332,141.6999969482422,40.439998626708984,67.47000122070312,79.1050033569336,87.09500122070312,123.48999786376953,319.6700134277344,319.3550109863281,201.40499877929688,721.5499877929688,176.38999938964844,44.15489959716797,646.905029296875,596.739990234375,27.136499404907227,23.20989990234375,1367.5550537109375,433.614990234375,201.88999938964844,319.6099853515625,72.7300033569336,52.025001525878906,2151.85498046875,645.8599853515625,76.0199966430664,975.1749877929688,84.5,483.0570068359375,158.99000549316406,344.0365905761719,90.29499816894531,190.99000549316406,236.80999755859375,166.5800018310547,90.63999938964844,189.91319274902344,111.34500122070312,116.77999877929688,120.94010162353516,137.7584991455078,180.2299041748047,58.41579818725586,178.3699951171875,799.5150146484375,435.6700134277344,186.6750030517578,87.24500274658203,164.8800048828125,507.7900085449219,302.43499755859375,158.77999877929688,197.19000244140625,,433.55999755859375,251.36000061035156,186.3574981689453,220.0050048828125,476.7300109863281,28.5049991607666,209.5,198.4801025390625,74.04000091552734,223.52000427246094
2026-01-07 15:27:00+00:00,261.80999755859375,137.57000732421875,335.0899963378906,289.2799987792969,259.9949951171875,294.8399963378906,114.70999908447266,424.7099914550781,293.70001220703125,210.67799377441406,340.7799987792969,242.41000366210938,616.530029296875,115.43900299072266,1229.0150146484375,347.2449951171875,613.4140014648438,95.9749984741211,5403.22509765625,49.4900016784668,85.01499938964844,317.64599609375,341.6000061035156,210.36500549316406,27.825000762939453,888.0800170898438,38.310001373291016,472.6199951171875,75.05000305175781,63.77000045776367,35.404998779296875,186.67999267578125,84.23999786376953,225.89999389648438,140.80250549316406,70.05999755859375,204.36000061035156,43.505001068115234,141.6300048828125,40.435001373291016,67.5,79.05999755859375,87.15499877929688,123.45999908447266,319.42999267578125,319.1000061035156,201.4600067138672,720.9349975585938,176.22999572753906,44.40999984741211,646.5449829101562,597.760009765625,27.135000228881836,23.190000534057617,1367.5400390625,433.8399963378906,202.14999389648438,319.7099914550781,72.9000015258789,52.04499816894531,2152.635009765625,645.6749877929688,76.1500015258789,980.0,84.61000061035156,483.2200012207031,159.58999633789062,345.25,90.29499816894531,190.92999267578125,237.55999755859375,166.61000061035156,90.63999938964844,189.875,111.30000305175781,116.7699966430664,120.90499877929688,137.80999755859375,180.3000030517578,58.38999938964844,178.69000244140625,799.6300048828125,435.6650085449219,186.75999450683594,87.2699966430664,165.2100067138672,508.0,304.6000061035156,158.57359313964844,196.99000549316406,129.52499389648438,433.82470703125,251.36000061035156,186.48500061035156,220.1999969482422,476.9200134277344,28.530000686645508,209.6999969482422,200.68600463867188,74.08000183105469,223.30999755859375
2026-01-07 15:28:00+00:00,261.9700012207031,137.63999938964844,335.2850036621094,289.45001220703125,259.6700134277344,294.9700012207031,114.6500015258789,424.5450134277344,294.2875061035156,210.8011932373047,340.7699890136719,242.50999450683594,616.5999755859375,115.80999755859375,1232.6199951171875,348.2598876953125,613.22998046875,95.9800033569336,5401.08984375,49.61000061035156,84.97000122070312,318.10198974609375,342.3349914550781,210.4199981689453,27.809999465942383,888.0,38.275001525878906,473.2900085449219,75.12000274658203,63.77000045776367,35.415000915527344,186.52999877929688,84.25749969482422,225.89999389648438,140.8699951171875,70.08000183105469,204.35000610351562,43.5,141.77999877929688,40.400001525878906,,79.11000061035156,87.13500213623047,123.41999816894531,319.7099914550781,319.4100036621094,201.38999938964844,719.3369750976562,176.19000244140625,44.53799819946289,646.7849731445312,597.77001953125,27.139999389648438,23.16990089416504,1369.739990234375,433.7650146484375,202.5,319.4800109863281,73.01499938964844,51.994998931884766,2154.6298828125,645.4400024414062,76.0999984741211,980.635009765625,84.7699966430664,483.31500244140625,159.30099487304688,346.05499267578125,90.2968978881836,191.0,237.6999969482422,166.33999633789062,90.52999877929688,190.33999633789062,111.19000244140625,116.75,120.93000030517578,137.72000122070312,180.68499755859375,58.400001525878906,178.58999633789062,799.1749877929688,435.4750061035156,186.85000610351562,87.20999908447266,165.39999389648438,508.4100036621094,305.7349853515625,158.7550048828125,196.91000366210938,129.19000244140625,433.6400146484375,251.75999450683594,186.49000549316406,220.07000732421875,476.8819885253906,28.52989959716797,209.6300048828125,201.11000061035156,74.06999969482422,223.60000610351562
2026-01-07 15:29:00+00:00,262.0299987792969,137.6699981689453,335.526611328125,289.3399963378906,259.5450134277344,294.94000244140625,114.64749908447266,424.9100036621094,294.2325134277344,210.65499877929688,340.54998779296875,242.42999267578125,616.3400268554688,115.76000213623047,1232.6400146484375,347.8500061035156,612.0499877929688,95.94999694824219,5405.02978515625,49.59000015258789,84.93000030517578,317.8900146484375,342.25,210.15499877929688,27.78499984741211,887.864990234375,38.215999603271484,472.57000732421875,75.11499786376953,63.96500015258789,35.380001068115234,186.57000732421875,84.28500366210938,225.8699951171875,141.0449981689453,70.0999984741211,,43.48500061035156,141.67999267578125,40.334999084472656,,79.05999755859375,87.11499786376953,123.42500305175781,319.7298889160156,319.3999938964844,201.1300048828125,721.239990234375,176.3000030517578,44.474998474121094,646.8820190429688,598.1400146484375,27.125,23.155000686645508,1369.7900390625,433.6199951171875,202.1699981689453,319.30499267578125,72.81999969482422,51.97999954223633,2152.81005859375,645.2000122070312,76.12000274658203,980.29248046875,84.66000366210938,483.4100036621094,159.0800018310547,345.44000244140625,90.29989624023438,191.01499938964844,237.60000610351562,166.2100067138672,90.51000213623047,190.28500366210938,111.20999908447266,116.69999694824219,120.9000015258789,137.7050018310547,180.64599609375,58.36970138549805,178.34500122070312,799.1749877929688,435.375,186.65499877929688,87.22000122070312,165.30999755859375,508.45001220703125,306.30999755859375,158.72999572753906,196.7899932861328,129.0800018310547,434.0350036621094,251.86000061035156,186.22999572753906,220.0800018310547,476.989990234375,28.55419921875,209.58999633789062,201.6240997314453,73.9800033569336,223.3101043701172
2026-01-07 15:30:00+00:00,262.07000732421875,137.7899932861328,336.07000732421875,289.1549987792969,259.6000061035156,295.2200012207031,114.67500305175781,425.0400085449219,293.8900146484375,210.38999938964844,341.0,242.69500732421875,615.1849975585938,115.7750015258789,1233.0699462890625,346.6875,613.1500244140625,95.94999694824219,5408.83984375,49.540000915527344,84.92500305175781,318.114990234375,342.2699890136719,210.10000610351562,27.78499984741211,888.8300170898438,38.220001220703125,472.80499267578125,74.96440124511719,64.2300033569336,35.34000015258789,186.73500061035156,84.36100006103516,226.2899932861328,141.14999389648438,69.86000061035156,204.38999938964844,43.48500061035156,141.25,40.345001220703125,67.51000213623047,79.0999984741211,87.11499786376953,123.45999908447266,319.79998779296875,319.4800109863281,200.85000610351562,722.5499877929688,176.24000549316406,44.41999816894531,647.6599731445312,598.635009765625,27.155000686645508,23.1299991607666,1369.22998046875,433.4599914550781,202.0,319.2900085449219,72.81999969482422,52.025001525878906,2151.68994140625,646.25,76.16000366210938,980.135009765625,84.48500061035156,483.8399963378906,159.35000610351562,344.95001220703125,90.36499786376953,190.76010131835938,237.57000732421875,165.97000122070312,90.51499938964844,190.60000610351562,111.16000366210938,116.61000061035156,120.8499984741211,137.7949981689453,180.6907958984375,58.3849983215332,178.11000061035156,800.0,435.414794921875,186.75,87.13999938964844,165.41000366210938,509.4750061035156,305.1300048828125,159.14999389648438,196.85000610351562,129.0749969482422,434.29998779296875,252.39999389648438,186.27999877929688,220.22000122070312,477.94000244140625,28.55500030517578,209.5399932861328,201.02499389648438,73.94999694824219,223.75
2026-01-07 15:31:00+00:00,262.0400085449219,137.75,335.9849853515625,288.6700134277344,259.4800109863281,295.0899963378906,114.69000244140625,425.3299865722656,293.8349914550781,210.38009643554688,340.8399963378906,242.58999633789062,615.239990234375,116.18000030517578,1232.9000244140625,346.989990234375,612.9199829101562,95.94000244140625,5410.5849609375,49.54999923706055,84.9000015258789,317.94000244140625,342.5350036621094,210.00999450683594,27.76099967956543,887.0800170898438,38.189998626708984,473.3399963378906,74.88999938964844,64.12010192871094,35.39500045776367,186.5,84.33000183105469,226.72999572753906,141.27000427246094,69.82499694824219,204.36000061035156,43.5099983215332,141.3000030517578,40.375,67.47000122070312,79.05999755859375,87.16000366210938,123.3550033569336,319.8299865722656,319.5559997558594,200.70509338378906,722.4849853515625,176.2899932861328,44.494998931884766,647.4349975585938,598.8699951171875,27.15999984741211,23.149999618530273,1367.4100341796875,433.6700134277344,201.91000366210938,319.32000732421875,72.73999786376953,51.974998474121094,2153.375,646.5,76.20999908447266,,84.33999633789062,483.7099914550781,159.66000366210938,344.6700134277344,90.22879791259766,190.62139892578125,237.69000244140625,166.21499633789062,90.51499938964844,190.47999572753906,111.08999633789062,116.55999755859375,120.8499984741211,137.75750732421875,180.9022979736328,58.345001220703125,177.94500732421875,799.7999877929688,435.67999267578125,186.69500732421875,87.1449966430664,165.32249450683594,510.2049865722656,304.760009765625,158.9199981689453,196.81500244140625,129.10000610351562,435.0,252.46499633789062,186.17999267578125,220.14999389648438,477.7099914550781,28.53420066833496,209.82000732421875,200.80999755859375,74.02999877929688,223.8249969482422
2026-01-07 15:32:00+00:00,262.1000061035156,137.93499755859375,335.92999267578125,289.1600036621094,259.5400085449219,295.2349853515625,114.66999816894531,425.0,294.0299987792969,210.52999877929688,339.989990234375,243.16000366210938,617.0,116.05000305175781,1234.4599609375,347.6000061035156,613.8300170898438,95.83999633789062,5418.64013671875,49.609500885009766,84.77999877929688,318.1700134277344,342.8800048828125,210.30999755859375,27.764999389648438,887.6900024414062,38.18000030517578,474.5199890136719,74.91000366210938,64.3499984741211,35.400001525878906,186.6300048828125,84.27999877929688,227.10499572753906,141.44000244140625,69.875,204.36500549316406,43.525001525878906,141.38250732421875,40.415000915527344,67.48999786376953,79.12000274658203,87.18000030517578,123.16999816894531,319.95001220703125,319.68499755859375,200.8000030517578,722.8900146484375,176.0399932861328,44.22999954223633,647.4400024414062,598.7449951171875,27.155000686645508,23.149999618530273,1369.989990234375,433.739990234375,202.11000061035156,319.739990234375,72.7699966430664,51.974998474121094,2151.85009765625,647.3099975585938,76.16000366210938,979.5800170898438,84.48999786376953,484.18499755859375,160.29849243164062,345.11199951171875,90.40499877929688,190.7100067138672,238.36000061035156,166.5,90.55000305175781,190.8300018310547,111.12999725341797,116.62000274658203,120.8499984741211,137.66000366210938,181.39990234375,58.44499969482422,177.9199981689453,798.530029296875,435.67498779296875,186.97999572753906,87.2300033569336,165.75999450683594,510.3349914550781,306.0,159.13999938964844,196.69000244140625,129.1750030517578,435.4549865722656,252.6199951171875,186.5399932861328,220.17999267578125,477.3349914550781,28.53499984741211,209.8000030517578,201.89999389648438,74.02999877929688,224.0399932861328
2026-01-07 15:33:00+00:00,262.19000244140625,137.91000366210938,335.70001220703125,289.1499938964844,259.30010986328125,295.1650085449219,114.70439910888672,425.3999938964844,294.0224914550781,210.17999267578125,339.9949951171875,243.20799255371094,618.989990234375,116.19499969482422,1235.5050048828125,347.4949951171875,613.75,95.8499984741211,5420.10009765625,49.560001373291016,84.76000213623047,318.2799987792969,343.872314453125,210.02999877929688,27.704999923706055,887.4349975585938,38.178001403808594,473.9949951171875,74.9000015258789,64.52999877929688,35.40999984741211,186.51499938964844,84.24500274658203,227.24000549316406,141.55599975585938,69.87999725341797,,43.53499984741211,141.39999389648438,40.45500183105469,67.4800033569336,79.13999938964844,87.11499786376953,123.20999908447266,320.45001220703125,320.17498779296875,200.39999389648438,722.489990234375,176.15780639648438,44.064998626708984,647.3300170898438,599.1900024414062,27.15999984741211,23.125,1369.37744140625,433.3299865722656,202.24000549316406,319.3900146484375,72.73999786376953,51.97999954223633,2153.375,647.0700073242188,76.19499969482422,979.4000244140625,84.52200317382812,483.9200134277344,160.27999877929688,345.6000061035156,90.375,190.83999633789062,238.1300048828125,166.47000122070312,90.52999877929688,190.6999969482422,111.08999633789062,116.63500213623047,120.93000030517578,137.59500122070312,181.57000732421875,58.28499984741211,177.97999572753906,798.4359741210938,435.7699890136719,186.89999389648438,87.2249984741211,165.6649932861328,510.7099914550781,306.15740966796875,159.0500030517578,196.82000732421875,129.19000244140625,435.2950134277344,252.60000610351562,186.39999389648438,220.24000549316406,477.17999267578125,28.55500030517578,209.75,202.3800048828125,74.02999877929688,224.0
2026-01-07 15:34:00+00:00,262.17999267578125,138.00999450683594,336.3299865722656,289.1449890136719,259.6000061035156,295.2900085449219,114.63999938964844,425.0799865722656,294.17999267578125,210.07000732421875,340.32000732421875,242.94000244140625,619.2100219726562,115.99939727783203,1233.3599853515625,346.8901062011719,613.75,95.83000183105469,5421.41015625,49.51499938964844,84.68000030517578,318.69500732421875,342.82000732421875,210.0800018310547,27.7549991607666,887.25,38.185001373291016,473.8900146484375,74.86499786376953,65.16799926757812,35.4099006652832,186.41000366210938,84.375,227.13999938964844,141.59500122070312,69.75,204.3699951171875,43.529998779296875,141.30999755859375,40.5099983215332,,79.08000183105469,87.05500030517578,123.08999633789062,320.5400085449219,320.2200012207031,200.39999389648438,721.7999877929688,176.0399932861328,43.950199127197266,648.3800048828125,599.0650024414062,27.165000915527344,23.125,1370.5799560546875,433.510009765625,202.47000122070312,319.5849914550781,72.5999984741211,51.95500183105469,2156.10009765625,647.3151245117188,76.1500015258789,,84.36509704589844,484.67999267578125,160.51510620117188,345.0801086425781,90.40460205078125,190.57000732421875,,166.92999267578125,90.58999633789062,191.0500030517578,111.16999816894531,116.68000030517578,120.93499755859375,137.64500427246094,181.26499938964844,58.344200134277344,178.0500030517578,799.010009765625,436.2200012207031,186.90499877929688,87.30000305175781,165.6199951171875,510.7099914550781,306.82000732421875,159.36000061035156,196.7449951171875,,435.260009765625,252.71499633789062,186.4219970703125,220.27499389648438,477.2027893066406,28.55500030517578,210.02000427246094,202.58999633789062,74.05000305175781,224.36000061035156
2026-01-07 15:35:00+00:00,262.1383056640625,138.11000061035156,336.7300109863281,289.19000244140625,259.67999267578125,295.7699890136719,114.66000366210938,425.2950134277344,294.2149963378906,209.99000549316406,340.17999267578125,243.38009643554688,619.4000244140625,115.86000061035156,1234.739990234375,346.8450012207031,613.739990234375,95.7699966430664,5424.56982421875,49.45000076293945,84.75,318.8900146484375,343.510009765625,210.22500610351562,27.76759910583496,888.1900024414062,38.224998474121094,474.0,74.80010223388672,64.54000091552734,35.3849983215332,186.64500427246094,84.27999877929688,227.39999389648438,141.77999877929688,69.81999969482422,204.3800048828125,43.48500061035156,141.3000030517578,40.560001373291016,67.48999786376953,78.94000244140625,87.08000183105469,123.05999755859375,320.92401123046875,320.6600036621094,200.2899932861328,,176.0625,43.720001220703125,648.7000122070312,599.635009765625,27.135000228881836,23.114999771118164,1372.0,433.44000244140625,202.3000030517578,319.70001220703125,72.6500015258789,51.915000915527344,2157.364990234375,648.27001953125,76.2750015258789,981.010009765625,84.36509704589844,485.2500915527344,160.1699981689453,345.6899108886719,90.42400360107422,190.72500610351562,238.5399932861328,166.94500732421875,90.66000366210938,191.0500030517578,111.1449966430664,116.63999938964844,120.91000366210938,137.6699981689453,181.375,58.404998779296875,178.10000610351562,798.35498046875,436.2550048828125,186.88999938964844,87.26000213623047,166.1488037109375,511.2749938964844,307.2203063964844,159.35000610351562,196.75,129.4199981689453,435.8064880371094,252.97999572753906,186.82000732421875,220.38009643554688,477.3450012207031,28.55500030517578,209.92999267578125,203.3249969482422,74.01000213623047,224.33999633789062
2026-01-07 15:36:00+00:00,262.1199951171875,138.0500030517578,336.7900085449219,289.19000244140625,259.760009765625,295.57000732421875,114.54000091552734,424.7200012207031,293.20001220703125,209.75010681152344,340.3800048828125,243.47300720214844,619.719970703125,115.65499877929688,1234.050048828125,346.6545104980469,613.7550048828125,95.68000030517578,,49.44499969482422,84.7300033569336,318.7799987792969,343.79998779296875,210.11500549316406,27.7549991607666,888.260009765625,38.255001068115234,473.6199951171875,74.76499938964844,64.97010040283203,35.34000015258789,186.7100067138672,84.29499816894531,227.58999633789062,141.59249877929688,69.73500061035156,204.3699951171875,43.474998474121094,141.42999267578125,40.5,67.5,78.6500015258789,87.05000305175781,123.11499786376953,320.75,320.45001220703125,200.1300048828125,721.1699829101562,175.97999572753906,43.724998474121094,648.6400146484375,600.239990234375,27.135000228881836,23.1200008392334,1370.6400146484375,433.3399963378906,201.84500122070312,319.635009765625,72.5999984741211,51.92499923706055,2158.419921875,648.530029296875,76.26000213623047,980.5900268554688,84.12000274658203,485.6499938964844,161.41000366210938,344.8999938964844,90.4260025024414,190.65139770507812,238.56500244140625,166.72000122070312,90.63999938964844,190.86000061035156,111.16999816894531,116.63999938964844,120.9800033569336,137.60000610351562,181.8249969482422,58.409000396728516,177.92999267578125,798.4600219726562,435.8399963378906,186.80999755859375,87.23999786376953,166.1020050048828,511.6499938964844,307.5,159.39999389648438,196.5050048828125,129.39500427246094,436.3999938964844,253.21499633789062,186.75,220.49000549316406,477.19000244140625,28.545000076293945,210.14500427246094,203.51609802246094,73.9800033569336,224.5
2026-01-07 15:37:00+00:00,262.07000732421875,138.0500030517578,336.9049987792969,289.635009765625,259.80499267578125,,114.56500244140625,424.95001220703125,293.2250061035156,209.84500122070312,340.81500244140625,243.58999633789062,617.5,115.69999694824219,1234.31005859375,346.9549865722656,617.3400268554688,95.76000213623047,5424.0,49.470001220703125,84.87999725341797,319.2200012207031,344.1199951171875,210.0,27.795000076293945,888.2000122070312,38.220298767089844,474.6300048828125,74.7750015258789,64.80000305175781,35.30500030517578,,84.30500030517578,227.68499755859375,141.7899932861328,69.75,204.36000061035156,43.494998931884766,141.4741973876953,40.46500015258789,67.48999786376953,78.63999938964844,87.05999755859375,123.18000030517578,320.1000061035156,319.7699890136719,200.01499938964844,,176.02000427246094,43.84000015258789,648.1400146484375,600.5999755859375,27.170000076293945,23.134599685668945,1368.489990234375,433.4150085449219,201.89999389648438,319.635009765625,72.69499969482422,51.915000915527344,2160.1201171875,647.9251098632812,76.33999633789062,981.9000244140625,84.04499816894531,485.7500915527344,161.35989379882812,345.2200012207031,90.43000030517578,190.38980102539062,239.00999450683594,,90.63500213623047,190.9149932861328,111.1449966430664,116.57499694824219,121.04000091552734,137.72000122070312,181.91000366210938,58.400001525878906,178.03500366210938,798.25,436.1700134277344,186.83999633789062,87.33000183105469,166.22000122070312,512.719970703125,308.79998779296875,159.5500030517578,196.47500610351562,129.4149932861328,436.82000732421875,253.1699981689453,187.10000610351562,220.38999938964844,477.1199951171875,28.514999389648438,209.94500732421875,203.89990234375,74.02999877929688,224.6750030517578
2026-01-07 15:38:00+00:00,261.5299987792969,138.1199951171875,336.9750061035156,289.32000732421875,259.8500061035156,295.5400085449219,114.56510162353516,424.4599914550781,292.0849914550781,209.16990661621094,340.80999755859375,243.16270446777344,616.8300170898438,115.69000244140625,1230.31005859375,345.3500061035156,618.0,95.75,5419.5126953125,49.400001525878906,84.86000061035156,318.61749267578125,343.5899963378906,210.11500549316406,27.780000686645508,887.9199829101562,38.224998474121094,473.0899963378906,74.63999938964844,65.19999694824219,35.290000915527344,186.6649932861328,84.30000305175781,227.55999755859375,141.77000427246094,69.76000213623047,204.35000610351562,43.5,141.10499572753906,40.43000030517578,67.41999816894531,78.94499969482422,87.01000213623047,123.22000122070312,319.3999938964844,319.1199951171875,200.16000366210938,721.3800048828125,175.8800048828125,43.50019836425781,648.5800170898438,600.2249755859375,27.149999618530273,23.139999389648438,1365.7349853515625,433.17498779296875,200.8699951171875,319.5299987792969,72.62999725341797,51.91999816894531,2158.239990234375,647.1099853515625,76.41999816894531,979.864990234375,83.69999694824219,485.20001220703125,161.2550048828125,342.8500061035156,90.20500183105469,189.02999877929688,238.03500366210938,166.35000610351562,90.5999984741211,190.97630310058594,111.13999938964844,116.6449966430664,120.88999938964844,137.6251983642578,181.3699951171875,58.31999969482422,177.52999877929688,798.9849853515625,435.8399963378906,186.77000427246094,87.20999908447266,166.07000732421875,513.0875244140625,307.989990234375,159.47999572753906,196.62249755859375,129.52000427246094,435.8999938964844,252.99000549316406,186.85000610351562,220.4550018310547,477.1000061035156,28.520000457763672,209.85000610351562,203.00010681152344,74.08999633789062,224.58999633789062
2026-01-07 15:39:00+00:00,261.54998779296875,138.14999389648438,336.989990234375,289.29998779296875,260.2200012207031,295.8599853515625,114.63999938964844,424.385009765625,292.2799072265625,209.08999633789062,341.1400146484375,243.5131072998047,617.1199951171875,115.625,1229.81005859375,345.81500244140625,616.5599975585938,95.75,5424.5,49.38990020751953,84.91000366210938,318.4200134277344,344.1499938964844,209.9949951171875,27.770000457763672,887.469970703125,38.22919845581055,473.3999938964844,74.80999755859375,65.04499816894531,35.32500076293945,186.80499267578125,84.29499816894531,227.58999633789062,141.84500122070312,69.87999725341797,204.3699951171875,43.505001068115234,141.2050018310547,40.44499969482422,67.44999694824219,79.06999969482422,87.05999755859375,123.19999694824219,319.19000244140625,318.8599853515625,200.24000549316406,720.030029296875,175.81500244140625,43.63999938964844,648.9949951171875,600.2849731445312,27.139999389648438,23.135000228881836,1365.8499755859375,433.05999755859375,200.89999389648438,319.5820007324219,72.72000122070312,51.91999816894531,2161.610107421875,647.2999877929688,76.39299774169922,,83.7699966430664,486.44000244140625,161.95199584960938,343.55999755859375,90.15499877929688,189.21499633789062,238.02999877929688,166.7209930419922,90.61000061035156,191.02000427246094,111.2300033569336,116.6500015258789,120.86000061035156,137.6649932861328,181.50999450683594,58.36899948120117,177.47500610351562,799.0499877929688,436.2799987792969,186.89999389648438,87.26000213623047,166.3000030517578,511.9750061035156,306.3349914550781,159.5800018310547,196.3699951171875,,435.8800048828125,253.57000732421875,186.91000366210938,220.64540100097656,477.2900085449219,28.514999389648438,209.8000030517578,201.33999633789062,74.12999725341797,224.67999267578125
2026-01-07 15:40:00+00:00,261.5249938964844,138.02999877929688,336.6499938964844,289.55999755859375,260.0150146484375,295.625,114.66999816894531,424.3699951171875,292.80499267578125,209.61000061035156,341.2699890136719,243.3372039794922,618.114990234375,115.69999694824219,1229.6600341796875,346.55999755859375,618.5299072265625,95.79000091552734,5429.93994140625,49.36000061035156,84.92500305175781,318.5950012207031,345.19000244140625,209.71499633789062,27.735000610351562,887.5999755859375,38.18000030517578,473.69000244140625,74.91000366210938,65.22000122070312,35.29499816894531,186.67770385742188,84.21749877929688,227.74000549316406,141.88499450683594,70.0,204.36500549316406,43.53499984741211,140.85000610351562,40.375,67.5,78.9800033569336,86.87039947509766,123.1449966430664,319.80010986328125,319.6499938964844,200.1074981689453,720.6199951171875,176.0449981689453,43.744998931884766,648.260009765625,600.2650146484375,27.135000228881836,23.114999771118164,1366.580078125,433.2799987792969,201.32000732421875,319.739990234375,72.7750015258789,51.915000915527344,2160.5,647.8300170898438,76.3499984741211,981.0599975585938,84.07499694824219,485.95001220703125,162.27000427246094,343.7986145019531,90.18499755859375,189.8249969482422,238.25,166.60499572753906,90.56999969482422,190.9759979248047,111.20500183105469,116.69000244140625,120.91829681396484,137.63999938964844,181.58999633789062,58.33000183105469,177.58999633789062,798.8444213867188,435.8699951171875,186.7949981689453,87.33999633789062,166.74989318847656,512.635009765625,306.7774963378906,159.44000244140625,195.9781951904297,129.39999389648438,436.3599853515625,,186.96499633789062,220.6699981689453,477.5,28.540000915527344,209.80999755859375,202.14390563964844,74.18000030517578,224.6999969482422
2026-01-07 15:41:00+00:00,261.3904113769531,138.1300048828125,337.32000732421875,289.67999267578125,260.135009765625,296.0,114.625,424.0350036621094,292.6000061035156,209.41079711914062,341.2300109863281,243.2899932861328,618.0399780273438,115.6500015258789,1229.75,345.8699951171875,619.6599731445312,95.77010345458984,5429.759765625,49.38999938964844,85.0250015258789,,344.3900146484375,209.94000244140625,27.7544002532959,888.4400024414062,38.224998474121094,474.1401062011719,74.81999969482422,65.27999877929688,35.345001220703125,186.8800048828125,84.29000091552734,227.7899932861328,142.0449981689453,69.9375,204.3699951171875,43.53499984741211,141.0500030517578,40.375999450683594,67.50499725341797,79.07499694824219,86.89510345458984,123.05999755859375,319.5,319.2099914550781,200.44000244140625,,176.1699981689453,43.84000015258789,649.0750122070312,601.22998046875,27.155000686645508,23.135000228881836,1365.0,433.54998779296875,201.07000732421875,319.8699951171875,72.76000213623047,51.94499969482422,2156.4599609375,647.35302734375,76.3499984741211,981.6799926757812,84.0250015258789,485.9483947753906,162.57000732421875,343.2900085449219,90.14800262451172,189.47500610351562,238.5800018310547,166.77000427246094,90.61000061035156,191.02000427246094,111.21499633789062,116.80000305175781,120.81999969482422,137.78500366210938,181.47000122070312,58.44900131225586,177.85000610351562,798.5549926757812,436.3800048828125,186.82000732421875,87.26499938964844,166.86790466308594,513.7150268554688,305.2950134277344,159.5850067138672,196.1199951171875,129.4550018310547,435.6650085449219,253.2899932861328,187.2301025390625,220.7899932861328,477.1700134277344,28.540000915527344,209.99000549316406,200.6699981689453,74.19999694824219,224.77999877929688
2026-01-07 15:42:00+00:00,261.5899963378906,138.1999969482422,337.1499938964844,289.5799865722656,259.9750061035156,295.885009765625,114.58999633789062,424.0350036621094,292.1199951171875,208.8822021484375,341.3900146484375,243.2100067138672,617.7000732421875,115.31999969482422,1228.739990234375,346.20001220703125,620.2349853515625,95.81999969482422,5431.56982421875,49.36000061035156,85.00499725341797,318.8949890136719,344.05999755859375,209.91000366210938,27.78499984741211,888.6849975585938,38.209999084472656,475.17999267578125,74.91999816894531,65.45500183105469,35.34000015258789,186.80999755859375,84.26499938964844,227.57000732421875,142.02000427246094,69.97000122070312,204.36000061035156,43.51499938964844,141.0699005126953,40.415000915527344,67.4800033569336,79.01499938964844,,123.19000244140625,319.7799987792969,319.510009765625,200.5,719.623779296875,175.9250030517578,44.13800048828125,649.1699829101562,600.5650024414062,27.139999389648438,23.135000228881836,1362.0,433.5799865722656,201.02999877929688,319.8699951171875,72.76499938964844,51.88999938964844,2160.3798828125,647.114990234375,76.31999969482422,981.0499877929688,83.87999725341797,486.114990234375,162.25010681152344,342.625,90.16739654541016,188.98500061035156,238.52999877929688,166.75999450683594,90.63999938964844,191.22999572753906,111.21499633789062,116.75499725341797,120.69000244140625,137.6634979248047,181.24000549316406,58.42499923706055,177.63999938964844,798.2999877929688,436.510009765625,186.82000732421875,87.22000122070312,166.625,513.72998046875,305.3699951171875,159.44000244140625,196.25,129.4550018310547,435.1239929199219,253.39999389648438,187.26499938964844,220.86500549316406,477.32000732421875,28.53499984741211,210.02000427246094,201.58990478515625,74.16799926757812,224.9304962158203
2026-01-07 15:43:00+00:00,261.635009765625,138.25,337.5,289.2950134277344,260.1199951171875,296.1400146484375,114.44999694824219,423.8900146484375,291.4100036621094,208.75990295410156,340.9849853515625,243.3791046142578,616.8599853515625,115.22000122070312,1226.27001953125,344.9200134277344,620.72998046875,95.73999786376953,5428.14990234375,49.380001068115234,85.00499725341797,318.86749267578125,343.625,209.92999267578125,27.760000228881836,888.405029296875,38.244998931884766,474.7349853515625,74.8499984741211,65.40499877929688,35.35499954223633,186.97000122070312,84.30999755859375,227.50999450683594,142.13999938964844,69.87999725341797,204.35499572753906,43.5,141.0449981689453,40.349998474121094,67.45999908447266,79.19000244140625,86.8499984741211,123.26000213623047,319.7650146484375,319.42999267578125,200.66000366210938,718.3900146484375,175.58999633789062,43.94940185546875,649.989990234375,600.2349853515625,27.139999389648438,23.135000228881836,1361.4300537109375,433.95001220703125,200.72000122070312,319.739990234375,72.7249984741211,51.919898986816406,2158.97998046875,646.969970703125,76.27999877929688,977.1199951171875,83.68000030517578,486.7799987792969,163.1898956298828,342.0799865722656,90.13999938964844,188.57899475097656,238.03500366210938,166.83999633789062,90.62999725341797,191.16000366210938,111.27999877929688,116.74500274658203,120.55999755859375,137.7075958251953,181.16000366210938,58.459999084472656,177.6750030517578,799.0,436.510009765625,186.88999938964844,87.25,166.7100067138672,513.1799926757812,304.81500244140625,159.6649932861328,196.39999389648438,129.55499267578125,435.3099060058594,253.50509643554688,187.1699981689453,220.98500061035156,477.2900085449219,28.53499984741211,210.27499389648438,200.5800018310547,74.06500244140625,225.0850067138672
2026-01-07 15:44:00+00:00,261.6199951171875,138.19000244140625,337.1449890136719,289.2950134277344,260.00750732421875,295.30999755859375,114.30000305175781,423.8900146484375,291.9549865722656,209.3300018310547,340.8349914550781,243.16000366210938,617.5,115.49500274658203,1227.0699462890625,345.2550048828125,622.292724609375,95.55000305175781,5431.27001953125,49.45000076293945,84.98999786376953,319.0,343.9649963378906,209.75,27.7450008392334,887.35498046875,38.209999084472656,475.9999084472656,74.85990142822266,65.36000061035156,35.304901123046875,186.66000366210938,84.27999877929688,227.6649932861328,142.0,69.84500122070312,204.35499572753906,43.46500015258789,141.1374969482422,40.3849983215332,67.43000030517578,79.13999938964844,86.71499633789062,123.11000061035156,319.7099914550781,319.43121337890625,200.38499450683594,718.0750122070312,175.67999267578125,44.185001373291016,649.9400024414062,599.469970703125,27.135000228881836,23.114999771118164,1361.4599609375,433.5899963378906,200.72000122070312,319.67999267578125,72.8499984741211,51.84560012817383,2156.5400390625,646.8499755859375,76.2791976928711,976.5,83.81999969482422,486.385009765625,162.49000549316406,342.8901062011719,90.18840026855469,189.3800048828125,238.125,166.64999389648438,90.5199966430664,191.3000030517578,111.21199798583984,116.5999984741211,120.56999969482422,137.55999755859375,181.34039306640625,58.44499969482422,177.77000427246094,798.625,436.45001220703125,186.6649932861328,87.11000061035156,166.91000366210938,514.0499877929688,305.8599853515625,159.95249938964844,196.35000610351562,129.4199981689453,435.8139953613281,253.5500030517578,187.25,220.8000030517578,477.2300109863281,28.53499984741211,210.19000244140625,201.31500244140625,74.01499938964844,225.4398956298828
2026-01-07 15:45:00+00:00,261.82501220703125,138.27000427246094,337.125,289.42999267578125,260.0409851074219,295.19000244140625,114.3822021484375,424.5199890136719,292.2850036621094,209.52000427246094,341.0,243.1300048828125,617.9299926757812,115.6500015258789,1228.6500244140625,345.8599853515625,623.1599731445312,95.63999938964844,5427.3701171875,49.41999816894531,84.90499877929688,319.1099853515625,343.9849853515625,209.89999389648438,27.75,887.4199829101562,38.224998474121094,476.68499755859375,74.9000015258789,65.3550033569336,35.275001525878906,186.625,84.2750015258789,227.51499938964844,142.10130310058594,69.7699966430664,204.35000610351562,43.470001220703125,141.13999938964844,40.4900016784668,67.43499755859375,79.20999908447266,86.6449966430664,123.19999694824219,319.66668701171875,319.364990234375,200.4600067138672,718.0750122070312,175.89999389648438,44.209999084472656,649.8250122070312,599.9450073242188,27.139999389648438,23.110000610351562,1364.2149658203125,433.61248779296875,201.39999389648438,319.7449951171875,72.88999938964844,51.82500076293945,2156.659912109375,647.239990234375,76.2249984741211,979.7000122070312,84.13999938964844,486.7200012207031,162.3800048828125,343.0849914550781,90.2300033569336,189.6300048828125,238.25750732421875,166.61500549316406,90.52999877929688,191.50999450683594,111.1500015258789,116.66000366210938,120.79000091552734,137.5850067138672,181.47000122070312,58.435001373291016,177.75,799.4949951171875,436.0400085449219,186.5399932861328,87.16999816894531,167.0413055419922,514.4349975585938,307.2099914550781,160.0399932861328,196.34320068359375,129.47999572753906,436.2300109863281,253.56500244140625,187.3800048828125,220.8029022216797,477.69000244140625,28.53499984741211,209.89999389648438,202.8000030517578,74.05500030517578,225.5800018310547
2026-01-07 15:46:00+00:00,261.94000244140625,138.17999267578125,336.7701110839844,289.42999267578125,259.989990234375,295.1000061035156,114.36499786376953,424.45001220703125,292.55499267578125,209.64599609375,340.4800109863281,243.19000244140625,617.5399780273438,115.71499633789062,1228.6400146484375,345.6000061035156,620.6500244140625,95.63999938964844,,49.369998931884766,,319.3800048828125,344.4700012207031,209.6300048828125,27.764999389648438,887.47998046875,38.220001220703125,477.5400085449219,74.91000366210938,65.36000061035156,35.244998931884766,186.57000732421875,84.23999786376953,227.4499969482422,142.10000610351562,69.83999633789062,204.36000061035156,43.45500183105469,141.0500030517578,40.505001068115234,67.44499969482422,79.20999908447266,86.62999725341797,123.12000274658203,319.9049987792969,319.6400146484375,200.5,717.469970703125,175.8699951171875,43.99100112915039,649.8400268554688,599.5499877929688,27.114999771118164,23.110000610351562,1367.8399658203125,433.6600036621094,201.77499389648438,319.8299865722656,72.88999938964844,51.83000183105469,2163.06005859375,647.6699829101562,76.19999694824219,980.510009765625,84.12000274658203,487.18499755859375,162.33999633789062,342.7250061035156,90.15699768066406,189.72000122070312,238.26499938964844,166.5800018310547,90.58999633789062,191.64920043945312,111.08000183105469,116.66000366210938,120.68000030517578,137.56500244140625,181.44400024414062,58.45000076293945,177.7100067138672,799.7150268554688,436.0400085449219,186.5399932861328,87.1449966430664,167.1699981689453,514.7899780273438,306.94500732421875,159.93499755859375,196.3249969482422,129.50999450683594,436.1300964355469,253.66000366210938,187.2082061767578,220.83999633789062,477.0299987792969,28.53499984741211,209.84500122070312,202.10000610351562,74.02999877929688,225.8300018310547
2026-01-07 15:47:00+00:00,261.989990234375,138.2100067138672,336.9750061035156,289.2099914550781,259.9200134277344,295.125,114.44999694824219,424.45001220703125,292.81500244140625,210.0,340.3299865722656,243.26499938964844,618.3790283203125,115.71150207519531,1227.530029296875,345.9649963378906,621.7349853515625,95.55999755859375,,49.489898681640625,84.88999938964844,319.42999267578125,344.1600036621094,209.8699951171875,27.764999389648438,887.8099975585938,38.224998474121094,478.17999267578125,74.8949966430664,65.38500213623047,35.244998931884766,,84.21499633789062,227.6450958251953,142.17999267578125,69.83499908447266,204.3699951171875,43.47999954223633,141.4199981689453,40.4900016784668,67.47000122070312,79.1500015258789,86.66999816894531,123.11499786376953,320.3599853515625,320.0799865722656,200.21499633789062,717.1500244140625,176.11000061035156,43.94350051879883,650.4199829101562,599.33251953125,27.114999771118164,23.104999542236328,1366.364990234375,433.67999267578125,201.8300018310547,319.7449951171875,72.91500091552734,51.84000015258789,2162.56982421875,648.0750122070312,76.20999908447266,980.47998046875,84.2750015258789,486.93499755859375,162.86000061035156,343.0799865722656,90.16999816894531,189.97650146484375,238.49000549316406,166.4600067138672,90.58000183105469,191.8000030517578,111.12999725341797,116.62999725341797,120.75,137.5500030517578,181.552001953125,58.40999984741211,177.68499755859375,799.544677734375,436.07000732421875,186.6199951171875,87.12999725341797,167.35499572753906,514.97998046875,307.0249938964844,159.98500061035156,196.3699951171875,129.4199981689453,436.2349853515625,,187.3000030517578,220.80499267578125,477.07000732421875,28.545000076293945,209.85000610351562,202.22999572753906,74.05960083007812,225.8350067138672
2026-01-07 15:48:00+00:00,262.07000732421875,138.25999450683594,337.32000732421875,289.2749938964844,259.885009765625,295.1400146484375,114.4000015258789,424.2950134277344,292.7449951171875,210.2449951171875,339.9700012207031,243.3800048828125,618.9500122070312,115.8499984741211,1227.8900146484375,345.9849853515625,,95.51000213623047,5427.4599609375,49.43000030517578,84.94000244140625,319.80999755859375,344.3699951171875,209.67999267578125,27.739999771118164,887.5640258789062,38.22999954223633,480.05999755859375,74.9000015258789,65.19999694824219,35.255001068115234,186.55499267578125,84.18000030517578,227.60499572753906,142.40499877929688,69.7699966430664,204.3699951171875,43.45000076293945,141.24000549316406,40.47999954223633,67.45999908447266,79.22000122070312,86.76000213623047,123.12000274658203,320.4800109863281,320.17999267578125,200.1999969482422,717.4299926757812,176.25999450683594,44.0,651.1599731445312,599.780029296875,27.114999771118164,23.104999542236328,1364.7301025390625,433.55999755859375,201.6199951171875,319.6050109863281,72.83999633789062,51.82550048828125,2158.219970703125,648.4368896484375,76.22000122070312,980.5700073242188,84.41999816894531,487.05999755859375,163.20750427246094,343.5799865722656,90.13500213623047,190.25999450683594,238.3699951171875,166.33999633789062,90.58000183105469,191.95010375976562,111.04499816894531,116.55999755859375,120.7699966430664,137.52999877929688,181.61599731445312,58.400001525878906,177.6699981689453,799.7650146484375,436.0799865722656,186.47999572753906,87.0199966430664,167.56280517578125,515.9450073242188,307.7305908203125,160.21499633789062,196.19769287109375,129.3699951171875,436.1600036621094,,187.13999938964844,220.69000244140625,477.0,28.540000915527344,210.1649932861328,202.68499755859375,74.02999877929688,226.0
2026-01-07 15:49:00+00:00,261.95001220703125,138.41000366210938,337.2699890136719,289.42999267578125,259.9800109863281,295.19000244140625,114.40499877929688,424.2900085449219,292.92498779296875,210.4600067138672,340.260009765625,243.27609252929688,620.3400268554688,115.70999908447266,1228.8399658203125,346.2250061035156,621.5700073242188,95.55999755859375,5423.080078125,49.43000030517578,84.94999694824219,319.84991455078125,344.1600036621094,209.99000549316406,27.729999542236328,886.9340209960938,38.224998474121094,480.20001220703125,74.8550033569336,64.7750015258789,35.255001068115234,186.77999877929688,84.20500183105469,227.86000061035156,142.27999877929688,69.74500274658203,204.3699951171875,43.459999084472656,141.30999755859375,40.5,67.47000122070312,79.16000366210938,86.80000305175781,123.20999908447266,320.6300048828125,320.3500061035156,200.24000549316406,717.4099731445312,,43.96500015258789,650.510009765625,600.280029296875,27.125,23.125,1367.594970703125,433.8399963378906,201.89500427246094,319.7900085449219,72.93000030517578,51.80839920043945,2161.570068359375,647.9749755859375,76.30999755859375,,84.4000015258789,486.7900085449219,163.00999450683594,343.8099060058594,90.14700317382812,190.38999938964844,238.2899932861328,166.47999572753906,90.62999725341797,192.03250122070312,111.0999984741211,116.62000274658203,120.88999938964844,137.5500030517578,181.7550048828125,58.375,177.76499938964844,800.510009765625,436.3525085449219,186.5,87.05999755859375,167.7100067138672,515.875,307.7799987792969,160.1750030517578,196.11000061035156,129.42999267578125,436.1400146484375,253.67999267578125,187.2899932861328,220.8000030517578,477.3699951171875,28.549999237060547,210.1199951171875,202.96470642089844,74.04000091552734,226.2899932861328
2026-01-07 15:50:00+00:00,262.04998779296875,138.27499389648438,337.3999938964844,289.2900085449219,259.9750061035156,295.19500732421875,114.44000244140625,,292.8999938964844,210.4597930908203,340.625,243.38999938964844,619.72998046875,115.61000061035156,1227.6700439453125,346.3599853515625,621.2550048828125,95.625,5424.08984375,49.380001068115234,84.95999908447266,319.6499938964844,343.5799865722656,209.89500427246094,27.759899139404297,887.6799926757812,38.25,479.5,74.8499984741211,64.49500274658203,35.23500061035156,186.7449951171875,84.18879699707031,227.86000061035156,142.14010620117188,69.75,204.3699951171875,43.459999084472656,141.21490478515625,40.42499923706055,67.48999786376953,79.12999725341797,86.80999755859375,123.30999755859375,320.5899963378906,320.3299865722656,200.25,717.3499755859375,,43.97249984741211,650.655029296875,600.8350219726562,27.1299991607666,23.125,1366.47998046875,433.94000244140625,201.80999755859375,319.8550109863281,72.94000244140625,51.86000061035156,2161.97998046875,648.5399780273438,76.37000274658203,980.47998046875,84.27140045166016,486.6499938964844,162.52000427246094,343.6700134277344,90.10009765625,190.30999755859375,238.2949981689453,166.35000610351562,90.6050033569336,191.8800048828125,111.09500122070312,116.54499816894531,120.80000305175781,137.60000610351562,181.7949981689453,58.380001068115234,177.83999633789062,801.0,436.94000244140625,,87.05000305175781,167.63999938964844,515.4249877929688,307.79998779296875,160.05999755859375,196.1699981689453,129.5500030517578,436.4280090332031,253.92999267578125,187.22999572753906,220.89999389648438,477.77349853515625,28.547100067138672,210.32000732421875,202.91000366210938,74.08000183105469,226.02999877929688
2026-01-07 15:51:00+00:00,262.0199890136719,138.27259826660156,337.6050109863281,289.32000732421875,259.82000732421875,295.1099853515625,114.41000366210938,424.5950012207031,293.2200012207031,210.60000610351562,340.2699890136719,243.34710693359375,622.510009765625,115.87999725341797,1228.1500244140625,346.3500061035156,621.8499755859375,95.62000274658203,5423.669921875,49.31999969482422,85.0,319.9700012207031,344.1130065917969,209.85499572753906,27.7450008392334,887.1099853515625,38.255001068115234,478.2200012207031,74.88760375976562,64.73999786376953,35.2400016784668,186.71499633789062,84.16000366210938,227.92999267578125,142.13540649414062,69.67500305175781,204.36500549316406,43.439998626708984,141.38999938964844,40.435001373291016,,79.06999969482422,86.59500122070312,123.4800033569336,320.54998779296875,320.2699890136719,200.35000610351562,717.72998046875,176.1199951171875,43.840999603271484,651.0050048828125,600.3679809570312,27.135000228881836,23.110599517822266,1367.9599609375,433.8511962890625,201.82000732421875,319.8550109863281,72.91000366210938,51.875,2161.080078125,648.6950073242188,76.40499877929688,,84.3949966430664,486.8550109863281,162.97999572753906,344.1199951171875,90.1449966430664,190.3096923828125,238.08999633789062,166.52000427246094,90.55000305175781,191.847900390625,111.04000091552734,116.50499725341797,120.73999786376953,137.6699981689453,181.82589721679688,58.35499954223633,177.75999450683594,800.7750244140625,436.8599853515625,186.47999572753906,87.04000091552734,167.6649932861328,515.7100219726562,308.42999267578125,159.82000732421875,196.17999267578125,129.4199981689453,436.552001953125,254.0800018310547,187.1300048828125,220.74000549316406,477.3999938964844,28.55500030517578,210.22000122070312,202.97999572753906,74.05000305175781,225.96200561523438
2026-01-07 15:52:00+00:00,262.239990234375,138.19000244140625,337.3299865722656,289.4150085449219,259.82000732421875,295.0199890136719,114.44999694824219,424.95001220703125,293.4100036621094,210.66000366210938,340.3699951171875,243.53500366210938,623.2999877929688,116.37000274658203,1227.0400390625,346.7749938964844,622.6300048828125,95.52999877929688,5427.419921875,49.29999923706055,85.05999755859375,319.6700134277344,344.1000061035156,209.75999450683594,27.7450008392334,887.6699829101562,38.255001068115234,478.8283996582031,74.94439697265625,64.375,35.244998931884766,,84.15499877929688,228.1199951171875,142.3699951171875,69.61499786376953,204.36000061035156,43.459999084472656,141.42999267578125,40.404998779296875,67.44999694824219,79.16999816894531,86.48999786376953,123.48999786376953,320.45001220703125,320.1400146484375,200.35499572753906,717.2550048828125,176.0,43.755001068115234,651.6400146484375,600.77001953125,27.139999389648438,23.125,1368.635009765625,433.8999938964844,202.0449981689453,319.75,72.95999908447266,51.88999938964844,2161.070068359375,649.0684814453125,76.45999908447266,,84.4800033569336,487.0216064453125,163.13499450683594,344.7569885253906,90.18000030517578,190.07000732421875,237.91000366210938,166.41000366210938,90.55999755859375,191.89999389648438,111.11499786376953,116.49500274658203,120.83000183105469,137.63999938964844,182.0,58.310001373291016,177.76849365234375,799.2999877929688,436.7200012207031,186.4199981689453,86.96499633789062,167.97000122070312,515.72998046875,307.3599853515625,159.86000061035156,196.28500366210938,129.50999450683594,436.3299865722656,254.22000122070312,187.17999267578125,220.8350067138672,476.8800048828125,28.545000076293945,210.21499633789062,202.36000061035156,74.05000305175781,226.07000732421875
2026-01-07 15:53:00+00:00,262.1400146484375,138.13999938964844,337.6000061035156,289.4800109863281,259.8324890136719,295.3599853515625,114.4749984741211,424.6300048828125,293.07000732421875,210.51499938964844,340.0799865722656,243.6649932861328,624.1599731445312,116.33000183105469,1227.0400390625,346.67999267578125,622.239990234375,95.44999694824219,5426.7998046875,49.349998474121094,85.08000183105469,319.75,344.4599914550781,210.24000549316406,27.764999389648438,887.97998046875,38.25,479.2349853515625,74.94499969482422,64.62000274658203,35.275001525878906,186.72999572753906,84.19000244140625,228.3300018310547,142.6999969482422,69.71499633789062,204.3699951171875,43.459999084472656,141.47999572753906,40.39459991455078,67.45999908447266,79.16500091552734,,123.38500213623047,320.3301086425781,320.0163879394531,200.35000610351562,,175.8699951171875,43.7692985534668,651.4500122070312,600.4600219726562,27.155000686645508,23.145000457763672,1364.9200439453125,433.9200134277344,201.80999755859375,319.81500244140625,72.9800033569336,51.8849983215332,2163.8701171875,649.1300048828125,76.52999877929688,980.3699951171875,84.45500183105469,487.2650146484375,163.63999938964844,344.2200012207031,90.17500305175781,190.1302032470703,237.86000061035156,166.4600067138672,90.58000183105469,192.16000366210938,111.18000030517578,116.5999984741211,120.79000091552734,137.77499389648438,181.86000061035156,58.34000015258789,178.0399932861328,798.25,436.7200012207031,,86.98719787597656,167.7899932861328,516.3175048828125,307.20001220703125,159.9499969482422,196.3300018310547,129.7100067138672,436.2799987792969,254.27499389648438,187.25999450683594,220.92999267578125,476.38751220703125,28.549999237060547,210.2899932861328,202.10000610351562,74.06999969482422,225.9149932861328
2026-01-07 15:54:00+00:00,262.239990234375,138.27000427246094,337.6099853515625,288.93499755859375,259.7799987792969,295.3699951171875,114.44499969482422,424.9700012207031,292.93499755859375,210.50999450683594,340.0400085449219,243.71499633789062,624.2150268554688,116.16000366210938,1226.2750244140625,346.7550048828125,622.3400268554688,95.44999694824219,5424.3798828125,49.3849983215332,85.12999725341797,319.7699890136719,344.1000061035156,210.22999572753906,27.7549991607666,888.375,38.26499938964844,479.2379150390625,74.9645004272461,64.77999877929688,35.275001525878906,,84.12999725341797,228.43499755859375,142.7760009765625,69.74500274658203,204.3699951171875,43.435001373291016,141.64999389648438,40.42070007324219,,79.25499725341797,86.55999755859375,123.37000274658203,320.45001220703125,320.18499755859375,200.30499267578125,717.9500122070312,,43.7400016784668,651.1599731445312,600.6599731445312,27.165000915527344,23.114999771118164,1365.0699462890625,434.05340576171875,201.88499450683594,320.2300109863281,72.93000030517578,51.849998474121094,2166.72998046875,648.9600830078125,76.62000274658203,979.25,84.4000015258789,486.8399963378906,163.78500366210938,343.997314453125,90.18000030517578,189.8179931640625,237.8800048828125,166.49000549316406,90.56500244140625,192.0500030517578,111.16999816894531,116.5999984741211,120.86000061035156,137.75999450683594,181.89999389648438,58.345001220703125,178.07000732421875,798.655029296875,437.31500244140625,186.5050048828125,86.96440124511719,167.63999938964844,515.8099975585938,307.3900146484375,160.19679260253906,196.21499633789062,129.5500030517578,436.5299987792969,254.22000122070312,187.1699981689453,221.14999389648438,476.4049987792969,28.549999237060547,210.38999938964844,202.0998992919922,74.05999755859375,225.97999572753906
2026-01-07 15:55:00+00:00,262.1400146484375,138.44500732421875,337.50750732421875,288.82000732421875,260.05999755859375,295.18499755859375,114.4800033569336,424.8500061035156,293.17999267578125,210.73500061035156,340.0350036621094,243.8594970703125,624.469970703125,116.1500015258789,1226.4300537109375,346.7200012207031,623.8900146484375,95.41500091552734,5423.72021484375,49.3650016784668,85.2699966430664,319.875,344.7300109863281,210.2100067138672,27.764999389648438,889.1900024414062,38.27000045776367,478.9200134277344,74.95500183105469,64.77999877929688,35.28499984741211,186.8800048828125,,228.58999633789062,142.61000061035156,69.83000183105469,204.36000061035156,43.45000076293945,141.44000244140625,40.44499969482422,67.47000122070312,79.25,86.58000183105469,123.25,320.4200134277344,320.1650085449219,200.47999572753906,,175.86500549316406,43.6150016784668,650.0800170898438,601.469970703125,27.155000686645508,23.114999771118164,1365.469970703125,434.2799987792969,202.14500427246094,320.2300109863281,72.95500183105469,51.814998626708984,2168.1201171875,648.9849853515625,76.62999725341797,979.7000122070312,84.27839660644531,486.97430419921875,163.7100067138672,344.6062927246094,90.13999938964844,189.70010375976562,237.7274932861328,,90.55000305175781,191.92999267578125,111.16999816894531,116.58499908447266,120.73999786376953,137.77000427246094,181.69500732421875,58.35860061645508,178.1199951171875,798.0775146484375,437.364990234375,186.64500427246094,86.94000244140625,167.75999450683594,515.9500122070312,307.3175048828125,160.04510498046875,196.16000366210938,,436.2950134277344,254.22000122070312,187.0850067138672,221.25999450683594,477.260009765625,28.55500030517578,210.3000030517578,202.80499267578125,74.05030059814453,226.0800018310547
2026-01-07 15:56:00+00:00,262.19000244140625,138.41000366210938,337.6449890136719,289.07000732421875,260.0299987792969,295.0299987792969,114.55619812011719,425.364990234375,293.3500061035156,210.60000610351562,340.6300048828125,243.75990295410156,622.7999877929688,116.2300033569336,1227.530029296875,346.8399963378906,624.3125,95.45500183105469,,49.38999938964844,85.23999786376953,319.94000244140625,344.17010498046875,210.1649932861328,27.7450008392334,888.635009765625,38.209999084472656,479.0299987792969,74.93499755859375,64.7750015258789,35.26499938964844,186.77999877929688,84.06999969482422,228.55999755859375,142.4499969482422,69.83999633789062,204.36500549316406,43.44499969482422,141.47999572753906,40.47999954223633,67.45700073242188,79.29000091552734,86.5999984741211,123.38999938964844,320.3399963378906,320.0899963378906,200.2550048828125,717.6849975585938,,43.667999267578125,649.8599853515625,601.3400268554688,27.155000686645508,23.114999771118164,1366.780029296875,434.25,202.0800018310547,320.06500244140625,73.02999877929688,51.83000183105469,2166.5400390625,649.1900024414062,76.625,980.0599975585938,84.13600158691406,486.8399963378906,163.22500610351562,343.8999938964844,90.12699890136719,189.69000244140625,237.71499633789062,166.52499389648438,90.58999633789062,192.02999877929688,111.125,116.56999969482422,120.65360260009766,137.84500122070312,181.67999267578125,58.35940170288086,178.4199981689453,799.5800170898438,437.4100036621094,186.60000610351562,86.93000030517578,167.57749938964844,516.5700073242188,308.1499938964844,159.6199951171875,196.22000122070312,129.55499267578125,436.125,,187.22999572753906,221.25999450683594,477.1700134277344,28.565000534057617,210.17999267578125,203.2899932861328,74.00499725341797,225.99000549316406
2026-01-07 15:57:00+00:00,262.1600036621094,138.52000427246094,337.7088928222656,289.2099914550781,260.11749267578125,295.1400146484375,114.50499725341797,426.0899963378906,293.19500732421875,210.3249969482422,340.7200012207031,243.94500732421875,623.0999755859375,116.19999694824219,1226.9599609375,346.7650146484375,624.6900024414062,95.51000213623047,5432.10009765625,49.400001525878906,85.32499694824219,320.2699890136719,344.5,210.5449981689453,27.774999618530273,888.5800170898438,38.21500015258789,479.4200134277344,74.86000061035156,64.92500305175781,35.29999923706055,,84.08000183105469,228.8300018310547,142.48500061035156,69.86000061035156,204.3699951171875,43.439998626708984,141.55499267578125,40.5,67.4800033569336,79.37999725341797,86.63999938964844,123.5,320.2950134277344,320.010009765625,200.44500732421875,717.7000122070312,176.42999267578125,43.744998931884766,650.2399291992188,601.52001953125,27.18000030517578,23.129899978637695,1367.7550048828125,434.4150085449219,201.9149932861328,320.2200012207031,73.05999755859375,51.869998931884766,2167.360107421875,649.22998046875,76.63999938964844,980.1599731445312,84.38999938964844,487.3500061035156,163.947998046875,343.715087890625,90.12999725341797,189.552001953125,237.7899932861328,166.6300048828125,90.5989990234375,192.10000610351562,111.20500183105469,116.49500274658203,120.58499908447266,137.86929321289062,181.61000061035156,58.36389923095703,178.25,800.0567016601562,437.42999267578125,186.4965057373047,86.94499969482422,167.61000061035156,516.739990234375,308.0199890136719,159.69000244140625,196.2949981689453,129.55999755859375,435.4700012207031,254.66000366210938,187.22999572753906,221.30999755859375,478.0450134277344,28.545000076293945,210.32000732421875,202.82000732421875,73.97000122070312,226.10000610351562
2026-01-07 15:58:00+00:00,262.1400146484375,138.5050048828125,337.635009765625,289.1600036621094,260.0450134277344,295.1600036621094,114.54000091552734,426.0199890136719,293.07501220703125,210.50999450683594,340.3900146484375,244.1699981689453,624.02001953125,116.19499969482422,1226.6099853515625,346.7506103515625,622.2899780273438,95.47000122070312,,49.369998931884766,85.38999938964844,320.1199951171875,344.1600036621094,210.25,27.735000610351562,888.5900268554688,38.2599983215332,479.30999755859375,74.75,64.74500274658203,35.310001373291016,186.8397979736328,84.08999633789062,229.0500030517578,142.7899932861328,69.9000015258789,204.3699951171875,43.459999084472656,141.5749053955078,40.46500015258789,67.48999786376953,79.44999694824219,86.63500213623047,123.45999908447266,320.32000732421875,320.0299987792969,200.72500610351562,717.7000122070312,176.27999877929688,43.79999923706055,650.6500244140625,601.5700073242188,27.174999237060547,23.109899520874023,1368.8399658203125,434.4150085449219,201.90499877929688,320.1000061035156,73.08000183105469,51.904998779296875,2170.18994140625,649.3532104492188,76.5999984741211,979.6599731445312,84.30000305175781,487.2900085449219,164.20669555664062,343.1099853515625,90.11499786376953,189.78790283203125,237.83999633789062,166.63999938964844,90.62999725341797,192.38999938964844,111.16500091552734,116.61000061035156,120.61499786376953,137.8699951171875,181.7550048828125,58.32500076293945,178.10499572753906,799.510009765625,437.68499755859375,,86.88009643554688,167.72999572753906,516.3350219726562,307.7304992675781,159.74000549316406,196.02000427246094,,435.42498779296875,254.71499633789062,187.3011932373047,221.24000549316406,477.6424865722656,28.55500030517578,210.27999877929688,202.5330047607422,74.0,226.19000244140625
2026-01-07 15:59:00+00:00,261.9898986816406,138.5399932861328,338.1499938964844,289.239990234375,260.3175048828125,295.31500244140625,114.44000244140625,425.5899963378906,292.9649963378906,210.3800048828125,339.9809875488281,244.2711944580078,623.8099975585938,116.23750305175781,1226.7900390625,346.6499938964844,622.1799926757812,95.41000366210938,5431.60009765625,49.34000015258789,85.30999755859375,320.1099853515625,343.6600036621094,210.2550048828125,27.7450008392334,888.3800048828125,38.255001068115234,479.760009765625,74.7300033569336,64.79000091552734,35.26499938964844,186.83999633789062,84.15499877929688,228.9409942626953,142.99000549316406,69.9800033569336,204.3699951171875,43.43000030517578,141.44000244140625,40.439998626708984,67.48999786376953,79.62999725341797,86.58499908447266,123.31999969482422,320.44000244140625,320.1000061035156,200.4499969482422,719.3599853515625,176.2899932861328,43.709999084472656,650.4099731445312,601.7100219726562,27.174999237060547,23.114999771118164,1366.2099609375,434.07501220703125,201.7100067138672,320.0899963378906,73.06999969482422,51.89500045776367,2171.360107421875,649.5999755859375,76.58999633789062,979.010009765625,84.29000091552734,487.7149963378906,164.6199951171875,342.68011474609375,90.16500091552734,189.61500549316406,237.69500732421875,166.6300048828125,90.62000274658203,192.88499450683594,111.2699966430664,116.26000213623047,120.5199966430664,137.90989685058594,181.6999969482422,58.314998626708984,178.1699981689453,799.469970703125,437.8599853515625,186.44500732421875,86.87000274658203,167.91000366210938,516.8800048828125,306.8900146484375,160.17999267578125,196.02000427246094,129.57000732421875,435.85198974609375,254.65499877929688,187.2449951171875,221.30999755859375,477.6400146484375,28.545000076293945,210.7100067138672,201.8000030517578,73.94999694824219,226.6699981689453
2026-01-07 16:00:00+00:00,261.9800109863281,138.7100067138672,338.239990234375,289.54998779296875,260.55999755859375,295.5799865722656,114.44000244140625,425.864990234375,293.79998779296875,210.3300018310547,340.0799865722656,244.52000427246094,625.5466918945312,116.11000061035156,1228.3900146484375,346.5799865722656,620.1199951171875,95.48989868164062,5430.794921875,49.310001373291016,85.3499984741211,320.4898986816406,343.9425048828125,210.7050018310547,27.75,888.5999755859375,38.275001525878906,480.114990234375,74.71849822998047,65.06999969482422,35.26499938964844,186.9499969482422,84.13999938964844,229.14500427246094,143.04440307617188,69.94000244140625,204.3699951171875,43.43000030517578,141.32000732421875,40.38999938964844,67.52999877929688,79.73500061035156,86.6500015258789,123.08000183105469,320.20001220703125,319.92138671875,200.55999755859375,719.7680053710938,,43.58100128173828,650.5681762695312,602.0250244140625,27.209999084472656,23.104999542236328,1367.6300048828125,434.1000061035156,202.0050048828125,320.0849914550781,73.11000061035156,51.875,2172.909912109375,650.0399780273438,76.58999633789062,980.0599975585938,84.28500366210938,488.3999938964844,165.3800048828125,343.2698974609375,90.37429809570312,189.70010375976562,237.94000244140625,166.57000732421875,90.52999877929688,193.13999938964844,111.27999877929688,116.18499755859375,120.5999984741211,137.91000366210938,181.85000610351562,58.415000915527344,178.41000366210938,798.0399780273438,437.875,186.43499755859375,86.87000274658203,167.8300018310547,517.6799926757812,306.4100036621094,160.1999969482422,196.05999755859375,129.6199951171875,435.6449890136719,254.94009399414062,187.4199981689453,221.60000610351562,478.239990234375,28.540000915527344,210.72999572753906,201.86000061035156,73.95999908447266,227.25999450683594
2026-01-07 16:01:00+00:00,261.9100036621094,138.58999633789062,338.44000244140625,289.30999755859375,260.4849853515625,295.2300109863281,114.48999786376953,425.510009765625,293.9703063964844,210.31520080566406,340.05499267578125,244.30999755859375,626.5244140625,116.14869689941406,1228.4300537109375,346.875,620.8250122070312,95.44000244140625,5430.7998046875,49.29999923706055,85.38500213623047,320.1099853515625,344.44000244140625,209.88999938964844,27.725000381469727,888.4400024414062,38.27539825439453,479.45001220703125,74.75,64.79000091552734,35.255001068115234,186.9550018310547,84.16000366210938,229.0800018310547,142.88999938964844,69.9791030883789,204.3699951171875,43.3849983215332,141.1999969482422,40.40999984741211,67.55000305175781,79.73999786376953,86.62999725341797,123.29000091552734,320.2200012207031,319.93499755859375,200.38999938964844,719.1599731445312,176.40499877929688,43.67499923706055,649.969970703125,601.625,27.190000534057617,23.084999084472656,1367.1199951171875,434.17999267578125,202.00999450683594,319.8800048828125,73.08000183105469,51.84000015258789,2173.89501953125,649.8499755859375,76.69000244140625,979.9400024414062,84.30000305175781,488.6050109863281,165.25999450683594,343.6499938964844,90.27999877929688,189.86500549316406,237.8699951171875,166.38499450683594,90.53500366210938,192.9250030517578,111.37000274658203,116.23999786376953,120.51000213623047,137.9199981689453,181.75999450683594,58.41999816894531,178.1649932861328,797.8200073242188,438.1099853515625,,86.80000305175781,168.05999755859375,517.0800170898438,306.80499267578125,159.94000244140625,195.8000030517578,129.75,435.1000061035156,255.2899932861328,187.33999633789062,221.43499755859375,478.05999755859375,28.540000915527344,210.67999267578125,201.94500732421875,73.95999908447266,226.97000122070312
2026-01-07 16:02:00+00:00,261.989990234375,138.5800018310547,338.5899963378906,289.3949890136719,260.5950012207031,295.4800109863281,114.45500183105469,425.5299987792969,293.57000732421875,210.14999389648438,340.2619934082031,244.49000549316406,626.5599975585938,115.97260284423828,1227.8699951171875,346.79998779296875,621.5150146484375,95.45999908447266,,49.279998779296875,85.38999938964844,320.2099914550781,343.8399963378906,210.3249969482422,27.7450008392334,888.864990234375,38.26499938964844,478.79998779296875,74.75,64.84500122070312,35.314998626708984,187.00999450683594,84.22000122070312,229.11500549316406,143.0449981689453,70.0,,43.380001068115234,141.2100067138672,40.43000030517578,67.55500030517578,79.76000213623047,86.62000274658203,123.37000274658203,320.2099914550781,319.8699951171875,200.41000366210938,718.6636962890625,176.27999877929688,43.64500045776367,650.6900024414062,601.6599731445312,27.19499969482422,23.129899978637695,1366.64501953125,434.2699890136719,201.77999877929688,319.8901062011719,73.08000183105469,51.8849983215332,2175.89990234375,649.7449951171875,76.68000030517578,979.3350219726562,84.3147964477539,488.70001220703125,165.2050018310547,343.0000915527344,90.26000213623047,189.85499572753906,237.94000244140625,166.52499389648438,90.56500244140625,193.0399932861328,111.41999816894531,116.37999725341797,120.47000122070312,137.89500427246094,181.8249969482422,58.39500045776367,178.3300018310547,798.0,438.0,186.3350067138672,86.69999694824219,167.97500610351562,516.2999877929688,305.5950012207031,159.97000122070312,195.83999633789062,129.6999969482422,436.3500061035156,255.0,187.44140625,,478.9100036621094,28.53499984741211,210.60000610351562,201.4499969482422,73.93499755859375,226.9499969482422
2026-01-07 16:03:00+00:00,261.9960021972656,138.63999938964844,338.75,289.56500244140625,260.510009765625,295.2200012207031,114.37000274658203,424.614990234375,293.7900085449219,210.4250030517578,340.05999755859375,244.63999938964844,624.4550170898438,115.97000122070312,1228.010009765625,346.7699890136719,621.0,95.44000244140625,5431.509765625,49.310001373291016,85.37000274658203,320.1549987792969,343.8399963378906,209.9774932861328,27.729999542236328,888.1900024414062,38.2400016784668,478.7799987792969,74.70500183105469,64.875,35.29999923706055,187.13999938964844,84.19499969482422,229.3000030517578,142.82000732421875,69.95999908447266,204.3699951171875,43.314998626708984,141.67999267578125,40.435001373291016,67.56999969482422,79.7750015258789,86.58999633789062,123.30000305175781,320.0498962402344,319.7300109863281,200.5,718.6400146484375,176.2550048828125,43.85390090942383,650.844970703125,600.9500122070312,27.18000030517578,23.129899978637695,1367.3309326171875,434.3500061035156,201.89999389648438,319.8900146484375,73.18000030517578,51.935001373291016,2175.098388671875,649.875,76.6500015258789,979.344970703125,84.4000015258789,489.06500244140625,165.08999633789062,342.7799987792969,90.22000122070312,189.92999267578125,238.24000549316406,166.67999267578125,90.56999969482422,193.00509643554688,111.43000030517578,,120.52999877929688,137.8350067138672,181.9062042236328,58.42499923706055,178.42999267578125,798.5449829101562,438.010009765625,186.35000610351562,86.69000244140625,167.8800048828125,516.4099731445312,305.44000244140625,160.22999572753906,195.81500244140625,,436.6499938964844,254.94000244140625,187.63999938964844,221.4199981689453,478.30999755859375,28.520599365234375,210.6300048828125,201.1300048828125,73.8499984741211,226.60499572753906
2026-01-07 16:04:00+00:00,262.0,138.72000122070312,338.8450012207031,289.55999755859375,260.5899963378906,295.2799987792969,114.3604965209961,424.1191101074219,293.8575134277344,210.33999633789062,340.2200927734375,244.74000549316406,624.9299926757812,115.94999694824219,1227.6383056640625,346.8550109863281,621.260009765625,95.41500091552734,5431.56494140625,49.28620147705078,85.41000366210938,320.0899963378906,343.69500732421875,209.6649932861328,27.701000213623047,888.0599975585938,38.244998931884766,478.4200134277344,74.7384033203125,64.79000091552734,35.31460189819336,,84.1624984741211,229.1199951171875,142.8699951171875,69.97540283203125,204.3699951171875,43.29499816894531,141.5749969482422,40.41999816894531,67.58000183105469,79.70999908447266,86.5999984741211,123.3949966430664,320.0,319.6499938964844,200.5800018310547,,176.1199951171875,43.70989990234375,650.719970703125,601.0150146484375,27.184999465942383,23.129899978637695,1367.6099853515625,434.1000061035156,201.74000549316406,319.885009765625,73.13999938964844,52.005001068115234,2174.094970703125,649.4299926757812,76.6500015258789,,84.30999755859375,489.6499938964844,164.7740020751953,342.8800048828125,90.2249984741211,189.64999389648438,238.11000061035156,166.6649932861328,90.56999969482422,192.6999969482422,111.38999938964844,116.43000030517578,120.48999786376953,137.86000061035156,182.11920166015625,58.404998779296875,178.47000122070312,798.52001953125,438.2149963378906,186.30999755859375,86.68199920654297,167.6699981689453,516.2249755859375,305.3349914550781,160.3699951171875,195.83999633789062,,437.0299987792969,254.75,187.64999389648438,221.35000610351562,478.32000732421875,28.540000915527344,210.7449951171875,201.05999755859375,73.8499984741211,226.77000427246094
2026-01-07 16:05:00+00:00,261.9624938964844,138.7100067138672,338.9200134277344,289.4700012207031,260.4525146484375,295.4150085449219,114.27999877929688,424.0299987792969,294.0400085449219,210.4499969482422,340.375,244.47500610351562,624.7999877929688,115.94499969482422,1228.675048828125,346.8599853515625,,95.38999938964844,,49.29999923706055,85.43000030517578,,343.75,209.67999267578125,27.704999923706055,888.2501220703125,38.2400016784668,478.489990234375,74.7301025390625,64.7300033569336,35.305198669433594,187.08999633789062,84.17500305175781,229.19500732421875,142.89500427246094,69.9625015258789,204.3699951171875,,141.4600067138672,40.41999816894531,,79.70249938964844,86.62000274658203,123.3499984741211,320.0101013183594,319.69000244140625,200.67999267578125,718.9000244140625,,43.69499969482422,650.8699951171875,600.9550170898438,27.184999465942383,23.135000228881836,,434.0950012207031,202.02000427246094,320.07501220703125,73.1050033569336,52.0099983215332,2175.2509765625,649.405029296875,76.6500015258789,978.9000244140625,84.2699966430664,489.5350036621094,164.7899932861328,343.07501220703125,90.20999908447266,189.70889282226562,237.94000244140625,,90.63999938964844,192.74000549316406,,,120.5,137.88499450683594,182.1898956298828,58.400001525878906,178.50999450683594,800.0,438.2149963378906,186.30999755859375,86.55999755859375,167.8000030517578,516.530029296875,305.42498779296875,,195.875,129.78500366210938,437.0,,187.69000244140625,,478.6050109863281,28.545000076293945,,201.08009338378906,,226.69200134277344
2026-01-07 16:13:00+00:00,,,,,,,,,,,,,,,,,,,,,,,,,,,,,,,,,,,,,204.36500549316406,,,,,,,,,,,,,,,,,,,,,,,,,,,,,,,,,,,,,,,,,,,,,,,,,,,,,,129.63499450683594,,,,,,,,,,
2026-01-07 16:14:00+00:00,261.6400146484375,138.64999389648438,338.7799987792969,288.8949890136719,260.6600036621094,295.0799865722656,114.25,424.8949890136719,294.1199951171875,210.0050048828125,340.6000061035156,243.97500610351562,625.6699829101562,116.1500015258789,1230.97998046875,347.8399963378906,621.4749755859375,95.52999877929688,5448.89990234375,49.349998474121094,85.47000122070312,319.5899963378906,343.4100036621094,209.9949951171875,27.595399856567383,888.6898803710938,38.24800109863281,479.010009765625,74.63999938964844,64.8949966430664,35.32500076293945,187.18499755859375,83.91699981689453,229.2899932861328,143.24000549316406,70.0199966430664,,43.244998931884766,141.2449951171875,40.404998779296875,67.55999755859375,79.70500183105469,86.66999816894531,123.18000030517578,320.54998779296875,320.17999267578125,201.22000122070312,718.1099853515625,175.35000610351562,43.6067008972168,650.4201049804688,600.7449951171875,27.19499969482422,23.165000915527344,1366.8800048828125,434.1499938964844,201.97500610351562,319.2300109863281,72.73999786376953,51.974998474121094,2175.5,651.0700073242188,76.62999725341797,974.27001953125,84.05860137939453,488.6400146484375,164.86000061035156,342.9800109863281,90.29499816894531,190.2899932861328,237.5500030517578,166.69000244140625,90.68499755859375,192.74000549316406,111.3550033569336,116.24500274658203,120.80000305175781,137.8000030517578,182.0,58.35499954223633,178.22500610351562,797.864990234375,438.4649963378906,186.44000244140625,86.79000091552734,167.6199951171875,515.8049926757812,305.260009765625,160.13499450683594,196.11000061035156,,436.5199890136719,255.14500427246094,187.02999877929688,221.24000549316406,479.0509948730469,28.540000915527344,210.4949951171875,200.99000549316406,73.80999755859375,226.339599609375
2026-01-07 16:15:00+00:00,261.6099853515625,138.6699981689453,338.8299865722656,289.20001220703125,260.92999267578125,294.9100036621094,114.25,425.55999755859375,293.7674865722656,210.08999633789062,340.7900085449219,244.00999450683594,626.8825073242188,116.13999938964844,1231.1600341796875,347.7099914550781,621.16748046875,95.48999786376953,5447.330078125,49.29499816894531,85.52999877929688,319.6099853515625,343.42999267578125,210.16000366210938,27.615999221801758,889.2100219726562,38.25,478.8800964355469,74.66000366210938,65.1449966430664,35.3650016784668,,83.95999908447266,229.38999938964844,143.22500610351562,70.06500244140625,,43.26499938964844,141.22500610351562,40.415000915527344,67.61699676513672,79.69999694824219,,123.23500061035156,320.40789794921875,319.95001220703125,201.18499755859375,717.02001953125,175.3350067138672,43.6150016784668,650.7249755859375,601.010009765625,27.209999084472656,23.18000030517578,,434.06500244140625,201.64999389648438,319.3124084472656,72.87999725341797,52.0099983215332,2176.840087890625,650.8300170898438,76.61499786376953,,84.10690307617188,488.69500732421875,164.86000061035156,343.1600036621094,90.30000305175781,190.3144989013672,237.8000030517578,166.7899932861328,90.66999816894531,192.6999969482422,111.45999908447266,116.37000274658203,120.87999725341797,137.85899353027344,182.1750030517578,58.398101806640625,178.14999389648438,798.3049926757812,439.07000732421875,186.5399932861328,86.88999938964844,167.77499389648438,515.8049926757812,305.0899963378906,160.1875,196.24000549316406,129.72999572753906,436.5638122558594,255.11000061035156,187.1300048828125,221.4499969482422,479.74688720703125,28.55500030517578,210.5800018310547,201.2978973388672,73.83000183105469,226.30999755859375
2026-01-07 16:16:00+00:00,261.5899963378906,138.72000122070312,338.9649963378906,289.0425109863281,260.9549865722656,294.9200134277344,114.26010131835938,425.3299865722656,293.42498779296875,210.19500732421875,340.7300109863281,243.94000244140625,626.9240112304688,116.15499877929688,1229.93994140625,347.2900085449219,622.9299926757812,95.57499694824219,5445.9951171875,49.310001373291016,85.48999786376953,319.7900085449219,343.75,210.3300018310547,27.6299991607666,889.2371215820312,38.2599983215332,478.70001220703125,74.65460205078125,65.12000274658203,35.349998474121094,187.25999450683594,84.05999755859375,229.35499572753906,143.19500732421875,70.06500244140625,204.36500549316406,43.310001373291016,141.40499877929688,40.435001373291016,67.63500213623047,79.66000366210938,,123.19000244140625,320.3500061035156,319.8800048828125,201.17999267578125,716.77001953125,175.3350067138672,43.557498931884766,650.4199829101562,,27.225000381469727,23.184999465942383,1361.6099853515625,433.9700012207031,201.6649932861328,319.4599914550781,72.9000015258789,51.96500015258789,2177.125,650.635009765625,76.62000274658203,972.5999755859375,84.08999633789062,488.57000732421875,164.74400329589844,343.1099853515625,90.28990173339844,190.16000366210938,237.72000122070312,166.8000030517578,90.68000030517578,192.92999267578125,111.48999786376953,116.37999725341797,120.91999816894531,137.94000244140625,182.19500732421875,58.40999984741211,178.07000732421875,798.5,439.07501220703125,186.47500610351562,86.91000366210938,167.6699981689453,515.8200073242188,304.906005859375,160.28500366210938,196.14999389648438,,436.25,254.97999572753906,187.3000030517578,221.45399475097656,479.6499938964844,28.549999237060547,210.60000610351562,200.5500946044922,73.8499984741211,226.27499389648438
2026-01-07 16:17:00+00:00,261.54998779296875,138.78500366210938,339.1000061035156,289.17999267578125,260.8800048828125,295.07501220703125,114.28289794921875,424.3999938964844,293.6449890136719,210.08779907226562,340.5799865722656,243.6999969482422,628.1651000976562,116.0999984741211,1229.3074951171875,347.1600036621094,623.02001953125,95.56999969482422,5445.2099609375,49.27000045776367,85.43499755859375,319.75,343.4800109863281,210.24000549316406,27.5531005859375,889.8900146484375,38.26499938964844,479.05999755859375,74.55999755859375,65.06999969482422,35.32500076293945,187.30250549316406,84.05999755859375,229.5500030517578,143.36000061035156,70.06999969482422,204.3699951171875,43.30500030517578,141.22500610351562,40.45000076293945,67.62999725341797,79.69000244140625,86.69999694824219,123.22000122070312,320.4700012207031,320.0,201.06500244140625,718.2000122070312,175.16000366210938,43.69499969482422,650.8099975585938,601.5999755859375,27.264999389648438,23.184999465942383,1361.5999755859375,434.2900085449219,201.7899932861328,319.6050109863281,72.91699981689453,52.02000045776367,2177.385009765625,650.6400146484375,76.62000274658203,971.97998046875,84.12000274658203,488.7550048828125,164.7449951171875,342.5799865722656,90.36499786376953,190.14500427246094,237.8249969482422,166.77000427246094,90.72000122070312,192.75999450683594,111.46499633789062,116.37000274658203,120.98999786376953,137.92999267578125,182.22000122070312,58.415000915527344,178.10000610351562,798.1500244140625,439.07501220703125,186.42999267578125,86.86250305175781,167.735107421875,516.1900024414062,304.6600036621094,160.3699951171875,196.39999389648438,,436.4100036621094,254.97000122070312,187.3800048828125,221.47500610351562,479.07000732421875,28.565000534057617,210.6649932861328,200.4499969482422,73.86000061035156,226.52499389648438
2026-01-07 16:18:00+00:00,261.4100036621094,138.75,339.3500061035156,289.2300109863281,260.95001220703125,295.04998779296875,114.26000213623047,424.3949890136719,293.40789794921875,209.9398956298828,340.82501220703125,243.689697265625,627.7589721679688,116.09500122070312,1230.530029296875,347.1600036621094,623.5700073242188,95.57499694824219,5441.2900390625,49.279998779296875,85.5,319.6549987792969,343.7300109863281,210.16000366210938,27.594999313354492,889.7449951171875,38.27000045776367,479.7300109863281,74.6050033569336,64.97000122070312,35.29499816894531,187.32000732421875,84.05000305175781,229.3699951171875,143.27499389648438,70.1050033569336,204.3699951171875,43.290000915527344,141.18020629882812,40.44499969482422,67.62999725341797,79.73500061035156,86.72799682617188,123.19999694824219,320.3500061035156,319.8900146484375,201.1999969482422,718.6199951171875,175.14999389648438,43.665000915527344,651.0399780273438,601.22998046875,27.2549991607666,23.20870018005371,,434.3999938964844,201.85499572753906,319.6600036621094,72.98999786376953,52.03499984741211,2178.02001953125,650.3499755859375,76.62999725341797,,84.13909912109375,488.95001220703125,164.65499877929688,342.6549987792969,90.31500244140625,190.0749969482422,238.0050048828125,166.77000427246094,90.68499755859375,192.7476043701172,111.55000305175781,116.45999908447266,120.93000030517578,138.03500366210938,182.6300048828125,58.42499923706055,178.09500122070312,798.5050048828125,439.17999267578125,186.44000244140625,86.9625015258789,167.6741943359375,516.2249755859375,304.614990234375,160.24000549316406,196.57000732421875,,436.4283142089844,255.03500366210938,187.2949981689453,221.50999450683594,478.7900085449219,28.575000762939453,210.86500549316406,200.36000061035156,73.86000061035156,226.32000732421875
2026-01-07 16:19:00+00:00,261.55999755859375,138.7899932861328,339.0199890136719,289.20001220703125,260.8299865722656,294.82000732421875,,423.94000244140625,293.760009765625,210.02999877929688,340.7799987792969,243.8699951171875,628.4000244140625,116.0999984741211,1230.0899658203125,347.260009765625,623.6900024414062,95.55000305175781,,49.290000915527344,85.50499725341797,319.3999938964844,343.2950134277344,210.11500549316406,27.604999542236328,889.5,38.255001068115234,479.1700134277344,74.59500122070312,65.03500366210938,35.27000045776367,187.05999755859375,84.0199966430664,229.35000610351562,143.41000366210938,70.12000274658203,204.3699951171875,43.29999923706055,141.2449951171875,40.404998779296875,67.58999633789062,79.69000244140625,86.72480010986328,123.12000274658203,320.30999755859375,319.8299865722656,201.19500732421875,717.9000244140625,175.1699981689453,43.64500045776367,649.7600708007812,600.9550170898438,27.264999389648438,23.204999923706055,1362.4449462890625,434.2699890136719,201.80999755859375,319.5600891113281,73.02999877929688,52.01499938964844,2177.320068359375,650.2122802734375,76.61000061035156,,84.17669677734375,488.7300109863281,164.3000030517578,342.81689453125,90.28500366210938,190.10000610351562,237.9949951171875,166.69000244140625,90.66000366210938,192.7100067138672,111.49500274658203,116.52999877929688,120.81999969482422,138.0677032470703,182.69000244140625,58.39670181274414,178.14999389648438,798.510009765625,439.01251220703125,,86.94999694824219,167.5800018310547,515.8250122070312,304.9800109863281,160.1699981689453,196.60499572753906,129.82000732421875,436.3800048828125,254.8800048828125,187.22999572753906,221.5399932861328,479.0899963378906,28.579999923706055,210.8300018310547,200.3249969482422,73.87999725341797,226.25999450683594
2026-01-07 16:20:00+00:00,261.3599853515625,138.77749633789062,339.04998779296875,289.1300048828125,,294.6199951171875,114.27999877929688,423.9775085449219,293.55999755859375,209.81910705566406,340.8599853515625,243.83999633789062,629.8800048828125,115.96499633789062,1230.1099853515625,346.8468017578125,624.0800170898438,95.5999984741211,5450.009765625,49.29999923706055,85.50499725341797,319.30999755859375,343.489990234375,209.77000427246094,27.594999313354492,889.27001953125,38.244998931884766,479.45001220703125,74.58999633789062,64.82499694824219,35.275001525878906,186.93359375,84.04000091552734,229.4949951171875,143.47999572753906,70.10990142822266,,43.29999923706055,141.3800048828125,40.41999816894531,67.5999984741211,79.69999694824219,86.73999786376953,123.06999969482422,320.2099914550781,319.80999755859375,201.23500061035156,718.5700073242188,175.19000244140625,43.54999923706055,650.2000122070312,600.9400024414062,27.2549991607666,23.190000534057617,1361.81005859375,434.29998779296875,201.5500030517578,319.70001220703125,73.05500030517578,52.01499938964844,2179.260009765625,650.3900146484375,76.61000061035156,972.6900024414062,84.11620330810547,488.5400085449219,164.07000732421875,342.5264892578125,90.34500122070312,189.8800048828125,238.11000061035156,166.77000427246094,90.65499877929688,192.57000732421875,111.48999786376953,116.37999725341797,120.75759887695312,138.0800018310547,182.60000610351562,58.435001373291016,178.0500030517578,798.510009765625,438.875,186.39500427246094,86.98999786376953,167.60499572753906,515.7100219726562,304.7950134277344,160.14999389648438,196.6649932861328,129.7100067138672,435.68499755859375,255.14500427246094,187.4199981689453,221.39999389648438,479.1499938964844,28.56999969482422,210.8350067138672,199.88999938964844,73.83999633789062,226.25999450683594
2026-01-07 16:21:00+00:00,261.3299865722656,138.83999633789062,339.1202087402344,289.07501220703125,260.7049865722656,294.8900146484375,114.32499694824219,423.8949890136719,293.7250061035156,209.8249969482422,340.7950134277344,243.83999633789062,630.1500244140625,115.96499633789062,1229.925048828125,346.7701110839844,624.4788208007812,95.62999725341797,5451.0224609375,49.279998779296875,85.41999816894531,319.2900085449219,343.29998779296875,209.81500244140625,27.584999084472656,889.375,38.23500061035156,479.3500061035156,74.61000061035156,64.8499984741211,35.224998474121094,187.0749969482422,84.04499816894531,229.35000610351562,143.52499389648438,70.11000061035156,204.3699951171875,43.290000915527344,141.6300048828125,40.44499969482422,67.5999984741211,79.7249984741211,86.68000030517578,123.11499786376953,320.2699890136719,319.82000732421875,201.22500610351562,717.8065185546875,175.22000122070312,43.61000061035156,649.8300170898438,601.1400146484375,27.25,23.184999465942383,1361.0400390625,434.239990234375,201.72000122070312,319.7149963378906,73.02010345458984,51.985801696777344,2179.199951171875,650.1950073242188,76.66000366210938,969.510009765625,84.05999755859375,488.1499938964844,164.16419982910156,342.4800109863281,90.32499694824219,189.98500061035156,238.02000427246094,166.76499938964844,90.68000030517578,192.66000366210938,111.4800033569336,116.24500274658203,120.80000305175781,138.08380126953125,182.6699981689453,58.41999816894531,178.03599548339844,799.0,438.875,186.39999389648438,87.03450012207031,167.4949951171875,515.9450073242188,305.09991455078125,160.14999389648438,196.8699951171875,129.77000427246094,435.57000732421875,255.08999633789062,187.27499389648438,221.39999389648438,479.42999267578125,28.575000762939453,210.9199981689453,199.7100067138672,73.81999969482422,226.1999969482422
2026-01-07 16:22:00+00:00,261.25,138.91000366210938,339.3800048828125,288.8450012207031,260.68499755859375,294.9800109863281,114.31500244140625,424.385009765625,293.5199890136719,209.78970336914062,340.9700012207031,243.8800048828125,630.7999877929688,115.87000274658203,1229.385009765625,346.75,624.9099731445312,95.62000274658203,5450.0,49.279998779296875,85.37999725341797,319.1037902832031,343.239990234375,209.91000366210938,27.594999313354492,889.8049926757812,38.2599983215332,480.6700134277344,74.53500366210938,64.4800033569336,35.185001373291016,187.17999267578125,84.05999755859375,229.61000061035156,143.72999572753906,70.1500015258789,204.3699951171875,43.27510070800781,141.5800018310547,40.459999084472656,67.58499908447266,79.83999633789062,86.68499755859375,123.25,320.29998779296875,319.8699951171875,201.1750030517578,718.5399780273438,175.375,43.540000915527344,650.2349853515625,601.6649780273438,27.2549991607666,23.174999237060547,1360.3900146484375,434.2300109863281,201.3300018310547,319.70001220703125,72.95999908447266,51.994998931884766,2182.0,649.9000244140625,76.70999908447266,967.4000244140625,83.9749984741211,488.2650146484375,164.86000061035156,341.9100036621094,90.31500244140625,189.8800048828125,237.97000122070312,166.75999450683594,90.76000213623047,192.77999877929688,111.55000305175781,116.2699966430664,120.875,138.07000732421875,182.76499938964844,58.48500061035156,177.69000244140625,797.9600219726562,438.8699951171875,186.41000366210938,86.92350006103516,167.61500549316406,516.3400268554688,304.42999267578125,160.43499755859375,196.88999938964844,,435.44000244140625,255.11000061035156,187.2899932861328,221.47999572753906,479.6199951171875,28.56679916381836,211.0399932861328,199.28509521484375,73.79000091552734,226.39999389648438
2026-01-07 16:23:00+00:00,261.25,138.8300018310547,339.4049987792969,288.8900146484375,260.7851867675781,294.8599853515625,,424.3399963378906,293.4800109863281,209.6999969482422,340.7900085449219,243.55999755859375,630.8300170898438,115.80000305175781,1229.364990234375,346.7200012207031,624.4299926757812,95.69499969482422,,49.29999923706055,85.37000274658203,319.2099914550781,343.2200012207031,209.90499877929688,27.594999313354492,889.8240966796875,38.275001525878906,480.76348876953125,74.41999816894531,64.29000091552734,35.17499923706055,187.2100067138672,84.04000091552734,229.7899932861328,143.88499450683594,70.16999816894531,204.3699951171875,43.27000045776367,141.72999572753906,40.44499969482422,67.5999984741211,79.87000274658203,,123.30000305175781,320.3399963378906,319.8699951171875,201.33999633789062,,175.22999572753906,43.467899322509766,650.2431030273438,601.9249877929688,27.25,23.174999237060547,1363.989990234375,434.2250061035156,201.40499877929688,319.7449951171875,72.95500183105469,51.974998474121094,2182.489990234375,650.2150268554688,76.62999725341797,966.2000122070312,83.95999908447266,488.0899963378906,165.22999572753906,341.80999755859375,90.32460021972656,189.64999389648438,237.9199981689453,,90.75499725341797,192.9499969482422,111.55000305175781,116.25499725341797,120.77999877929688,138.05999755859375,182.6699981689453,58.5,177.69500732421875,797.905029296875,438.8699951171875,186.46499633789062,86.91000366210938,167.5500030517578,516.1699829101562,304.1000061035156,160.4600067138672,196.97000122070312,129.86000061035156,435.7099914550781,255.4600067138672,187.39500427246094,221.50999450683594,479.375,28.565000534057617,211.0399932861328,199.27000427246094,73.80000305175781,226.39999389648438
2026-01-07 16:24:00+00:00,261.260009765625,138.82000732421875,339.2101135253906,288.864990234375,260.8550109863281,294.7250061035156,114.4000015258789,424.1199951171875,293.29998779296875,209.6199951171875,341.2200012207031,243.69000244140625,631.1104125976562,115.84500122070312,1229.6300048828125,346.6199951171875,624.1500244140625,95.72000122070312,5449.02001953125,49.27980041503906,85.41000366210938,319.5400085449219,343.2099914550781,209.99000549316406,27.594999313354492,889.5599975585938,38.244998931884766,480.6300048828125,74.36000061035156,64.11000061035156,35.16999816894531,187.25999450683594,84.05999755859375,229.97999572753906,143.8350067138672,70.19000244140625,204.3699951171875,43.279998779296875,141.80499267578125,40.435001373291016,67.58999633789062,79.93000030517578,86.68499755859375,123.4000015258789,320.42999267578125,319.9800109863281,201.30999755859375,717.9650268554688,175.24000549316406,43.36000061035156,650.7000122070312,601.719970703125,27.2549991607666,23.184999465942383,1363.5400390625,434.3550109863281,201.36000061035156,319.80999755859375,72.9000015258789,52.01499938964844,2180.85498046875,650.1749877929688,76.69499969482422,964.530029296875,83.87799835205078,488.05999755859375,165.09500122070312,341.090087890625,90.38500213623047,189.5500030517578,237.83999633789062,166.84719848632812,90.7699966430664,193.0500030517578,111.55999755859375,116.30000305175781,120.73999786376953,138.10000610351562,182.64999389648438,58.49570083618164,177.63999938964844,798.9949951171875,438.8500061035156,186.5399932861328,86.91000366210938,167.3300018310547,516.3599853515625,303.4049987792969,160.52000427246094,197.18499755859375,129.88499450683594,435.6050109863281,255.39999389648438,187.3699951171875,221.43499755859375,479.95001220703125,28.55500030517578,210.86000061035156,199.29649353027344,73.83999633789062,226.17999267578125
2026-01-07 16:25:00+00:00,261.2300109863281,138.7899932861328,339.3500061035156,288.9700012207031,260.9049987792969,294.8299865722656,114.4000015258789,,293.2049865722656,209.55499267578125,341.0849914550781,243.57949829101562,631.0999755859375,115.8499984741211,1229.18994140625,346.3299865722656,,95.69000244140625,5456.6201171875,49.26499938964844,85.44200134277344,319.92999267578125,343.2030029296875,209.8699951171875,27.59000015258789,889.8150024414062,38.2400016784668,480.4800109863281,74.37000274658203,63.8224983215332,35.17499923706055,187.1699981689453,,229.83999633789062,143.6750030517578,69.97000122070312,204.3699951171875,43.29999923706055,141.80499267578125,40.435001373291016,67.56999969482422,79.9000015258789,,123.25,320.20001220703125,319.7275085449219,201.4600067138672,,175.22500610351562,43.279998779296875,650.6339721679688,601.1699829101562,27.2549991607666,23.174999237060547,1364.14501953125,434.42999267578125,201.3000030517578,319.68499755859375,72.88999938964844,52.03499984741211,2178.85498046875,649.9000244140625,76.7300033569336,963.25,84.02010345458984,487.8299865722656,164.875,340.8550109863281,90.31500244140625,189.3699951171875,237.9199981689453,166.73800659179688,90.76080322265625,192.8800048828125,111.55999755859375,116.30000305175781,120.70999908447266,138.0500030517578,182.61000061035156,58.43000030517578,177.58999633789062,798.6300048828125,438.6549987792969,186.5800018310547,86.93000030517578,167.14500427246094,516.4749755859375,303.9175109863281,160.2100067138672,197.24000549316406,129.89999389648438,435.20001220703125,255.1199951171875,187.4499969482422,221.47999572753906,479.3800048828125,28.55500030517578,210.86000061035156,199.61990356445312,73.86000061035156,226.35000610351562
2026-01-07 16:26:00+00:00,261.20001220703125,138.85000610351562,339.32000732421875,289.04998779296875,261.0,294.864990234375,114.36000061035156,424.07000732421875,293.2349853515625,209.3199005126953,341.17999267578125,243.60499572753906,630.9400024414062,115.83999633789062,1228.4200439453125,346.3550109863281,,95.73500061035156,5451.68017578125,49.36000061035156,85.41500091552734,319.7099914550781,343.1499938964844,210.10000610351562,27.614999771118164,891.0800170898438,38.244998931884766,481.1238098144531,74.33499908447266,64.09500122070312,35.18000030517578,187.27000427246094,84.06999969482422,229.9600067138672,143.83999633789062,70.02999877929688,204.3699951171875,43.29499816894531,141.86000061035156,40.435001373291016,67.53500366210938,79.87000274658203,86.66000366210938,123.30500030517578,320.3999938964844,319.9599914550781,201.49000549316406,719.5999755859375,175.22999572753906,43.334999084472656,650.8400268554688,601.89501953125,27.2450008392334,23.170000076293945,1363.719970703125,434.5899963378906,201.25,319.6499938964844,72.8550033569336,52.025001525878906,2179.3349609375,649.239990234375,76.7300033569336,959.5499877929688,84.0,487.94000244140625,164.868896484375,340.510009765625,90.37000274658203,189.25100708007812,237.8699951171875,166.75,90.6500015258789,192.8800048828125,111.58499908447266,116.23999786376953,120.80999755859375,138.0,182.7100067138672,58.439998626708984,177.52000427246094,797.7000122070312,438.5299987792969,186.47000122070312,86.92500305175781,167.25,516.2899780273438,303.4649963378906,160.3249969482422,197.1999969482422,129.99000549316406,435.3299865722656,255.2100067138672,187.39999389648438,221.47500610351562,479.5799865722656,28.565000534057617,210.82000732421875,199.2550048828125,73.81500244140625,226.30999755859375
2026-01-07 16:27:00+00:00,261.2749938964844,138.7899932861328,339.0400085449219,289.04998779296875,260.9599914550781,,114.33000183105469,424.3612976074219,293.2099914550781,209.27000427246094,340.9750061035156,243.61000061035156,631.1027221679688,115.70999908447266,1227.3800048828125,346.7619934082031,624.4600219726562,95.79499816894531,5451.8798828125,49.36000061035156,85.33000183105469,319.7850036621094,343.0199890136719,210.03500366210938,27.649999618530273,890.77001953125,38.20500183105469,481.2449951171875,74.37519836425781,64.2300033569336,35.15999984741211,187.3000030517578,84.01000213623047,230.0399932861328,143.80230712890625,70.01000213623047,204.3699951171875,43.28499984741211,141.97500610351562,40.45000076293945,67.5199966430664,79.83000183105469,86.6989974975586,123.23999786376953,320.260009765625,319.8299865722656,201.48500061035156,718.6199951171875,175.1999969482422,43.305999755859375,650.0999755859375,602.1400146484375,27.239999771118164,23.155000686645508,1364.239990234375,434.57000732421875,201.3350067138672,319.3949890136719,72.87010192871094,51.96500015258789,2179.80322265625,648.7849731445312,76.68000030517578,960.72998046875,84.04280090332031,487.9800109863281,164.88999938964844,340.7699890136719,90.375,189.3000030517578,237.6300048828125,166.61000061035156,90.68000030517578,192.75999450683594,111.55000305175781,116.19499969482422,120.83999633789062,137.9199981689453,182.88999938964844,58.400001525878906,177.39500427246094,797.52001953125,438.25,,86.88500213623047,167.23500061035156,516.5,304.54998779296875,160.47000122070312,197.00999450683594,129.75999450683594,435.3949890136719,,187.35499572753906,221.3699951171875,479.5050048828125,28.57349967956543,210.6199951171875,199.94400024414062,73.81999969482422,226.2675018310547
2026-01-07 16:28:00+00:00,261.0199890136719,138.78500366210938,339.0299987792969,289.0199890136719,260.82000732421875,294.7650146484375,114.23999786376953,423.3399963378906,293.3999938964844,209.07000732421875,341.0199890136719,243.4691925048828,631.7899780273438,115.6500015258789,1225.7950439453125,346.46759033203125,622.8350219726562,95.80989837646484,5450.0,49.275001525878906,85.37000274658203,319.8299865722656,342.8800048828125,210.28500366210938,27.700000762939453,890.6400146484375,38.20500183105469,481.2149963378906,74.31999969482422,64.25,35.154998779296875,187.2449951171875,84.02999877929688,229.97999572753906,143.74000549316406,70.0,,43.275001525878906,142.00999450683594,40.415000915527344,67.48999786376953,79.86000061035156,86.69999694824219,123.2699966430664,320.07000732421875,319.6099853515625,201.3520965576172,718.8599853515625,175.02000427246094,43.275001525878906,649.6300048828125,601.97998046875,27.229999542236328,23.165000915527344,1364.199951171875,434.6099853515625,201.2100067138672,319.3900146484375,72.91000366210938,51.9650993347168,2180.08642578125,648.25,76.63999938964844,960.1699829101562,83.9800033569336,487.7300109863281,164.16510009765625,340.6000061035156,90.33989715576172,189.27000427246094,237.5500030517578,166.63499450683594,90.7300033569336,192.72999572753906,111.44000244140625,116.19000244140625,120.81999969482422,137.92999267578125,182.7899932861328,58.415000915527344,177.6699981689453,797.7249755859375,438.04998779296875,186.38999938964844,86.91000366210938,167.2100067138672,517.2550048828125,304.2699890136719,160.64999389648438,196.83009338378906,129.7050018310547,435.3999938964844,254.8800048828125,187.3300018310547,221.30499267578125,479.760009765625,28.565000534057617,210.73800659179688,199.36480712890625,73.81050109863281,226.27000427246094
2026-01-07 16:29:00+00:00,261.0837097167969,138.8800048828125,339.010009765625,289.17999267578125,260.80999755859375,294.8550109863281,114.24500274658203,423.56500244140625,293.65509033203125,209.3350067138672,341.0799865722656,243.49000549316406,632.4749755859375,115.72000122070312,1228.780029296875,346.7959899902344,623.010009765625,95.80000305175781,5451.2099609375,49.33000183105469,85.3499984741211,320.17999267578125,342.6600036621094,210.27000427246094,27.704999923706055,890.4000244140625,38.21500015258789,481.364990234375,74.29000091552734,64.26000213623047,35.165000915527344,187.3800048828125,84.0199966430664,230.13999938964844,143.75999450683594,70.0199966430664,,43.26499938964844,141.97000122070312,40.41999816894531,67.51000213623047,79.94499969482422,86.63999938964844,123.30000305175781,320.1650085449219,319.7449951171875,201.41189575195312,719.469970703125,175.10000610351562,43.432899475097656,649.8300170898438,601.97998046875,27.219999313354492,23.155000686645508,1364.7149658203125,434.6300048828125,201.27999877929688,319.4700012207031,72.98999786376953,51.959999084472656,2177.360107421875,648.3599853515625,76.65399932861328,960.8300170898438,84.05500030517578,487.7300109863281,164.28500366210938,340.6449890136719,90.4000015258789,189.5800018310547,237.8000030517578,166.74000549316406,90.77999877929688,192.83999633789062,111.4800033569336,116.0999984741211,120.77999877929688,137.94410705566406,182.97000122070312,58.474998474121094,177.55999755859375,798.1599731445312,438.25,186.4499969482422,86.87000274658203,167.4199981689453,517.594970703125,304.95001220703125,160.65499877929688,196.8699951171875,129.72500610351562,435.989990234375,255.03500366210938,187.375,221.36000061035156,479.760009765625,28.570100784301758,210.64999389648438,199.58999633789062,73.80000305175781,226.27499389648438
2026-01-07 16:30:00+00:00,261.2950134277344,138.8800048828125,339.0199890136719,288.92999267578125,260.9049987792969,294.7900085449219,114.2249984741211,424.04998779296875,293.7049865722656,209.4600067138672,341.0400085449219,243.44000244140625,631.5750122070312,115.69000244140625,1228.594970703125,346.94500732421875,622.7999877929688,95.88999938964844,5448.68994140625,49.334999084472656,85.3499984741211,320.0,342.0799865722656,210.07000732421875,27.71500015258789,890.5894775390625,38.21500015258789,481.25,74.28009796142578,64.16999816894531,35.16600036621094,187.29200744628906,84.05999755859375,230.57000732421875,143.72000122070312,70.05000305175781,204.3699951171875,43.28499984741211,142.08999633789062,40.43000030517578,67.55999755859375,79.96099853515625,86.63999938964844,123.37999725341797,320.1600036621094,319.67401123046875,201.39999389648438,718.9249877929688,175.16000366210938,43.3849983215332,649.8699951171875,601.9199829101562,27.219999313354492,23.155000686645508,1365.2576904296875,434.8399963378906,201.1199951171875,319.4700012207031,72.94999694824219,51.91999816894531,2178.429931640625,648.10498046875,76.66999816894531,958.728515625,83.95999908447266,487.3800048828125,164.13999938964844,341.2799072265625,90.38500213623047,189.60000610351562,237.7899932861328,166.625,90.69000244140625,192.9250030517578,111.51000213623047,116.1156005859375,120.80999755859375,138.0,182.74000549316406,58.51499938964844,177.30999755859375,798.4450073242188,438.26251220703125,186.4149932861328,86.83000183105469,167.22999572753906,517.625,304.6000061035156,160.7050018310547,196.82000732421875,129.74000549316406,435.8999938964844,254.8699951171875,187.1649932861328,221.55999755859375,480.1000061035156,28.565000534057617,210.6699981689453,199.67999267578125,73.80000305175781,226.16000366210938
2026-01-07 16:31:00+00:00,261.42999267578125,138.92999267578125,339.0450134277344,289.0199890136719,260.9100036621094,294.69000244140625,114.26000213623047,424.1199951171875,293.82000732421875,209.41000366210938,341.0,243.4499969482422,632.1950073242188,115.66000366210938,1228.6400146484375,347.1499938964844,622.7150268554688,95.69000244140625,5446.697265625,49.28499984741211,85.26000213623047,319.8210144042969,342.32000732421875,210.27999877929688,27.729999542236328,890.6599731445312,38.21500015258789,481.1700134277344,74.25,64.12000274658203,35.185001373291016,187.39500427246094,84.08000183105469,230.6199951171875,143.80679321289062,70.11499786376953,204.36749267578125,43.30500030517578,141.85000610351562,40.470001220703125,67.58000183105469,79.91000366210938,86.55000305175781,123.4000015258789,320.2701110839844,319.8699951171875,201.4250030517578,719.7899780273438,175.14999389648438,43.40010070800781,650.3599853515625,602.094970703125,27.225400924682617,23.155000686645508,1365.4949951171875,434.6499938964844,201.2100067138672,319.3900146484375,73.0,51.904998779296875,2178.85009765625,648.9149780273438,76.6500015258789,958.9000244140625,84.11499786376953,487.4599914550781,163.62229919433594,341.0899963378906,90.37000274658203,189.9199981689453,237.57000732421875,,90.70999908447266,193.0449981689453,111.51000213623047,116.1500015258789,120.81680297851562,137.94000244140625,182.7050018310547,58.46500015258789,177.2899932861328,798.1950073242188,438.0899963378906,186.3249969482422,86.81500244140625,167.3699951171875,517.7150268554688,304.9100036621094,160.57000732421875,196.8699951171875,129.72000122070312,435.92498779296875,254.8699951171875,187.26499938964844,221.5449981689453,480.3800048828125,28.549999237060547,210.77999877929688,199.35000610351562,73.79000091552734,226.2550048828125
2026-01-07 16:32:00+00:00,261.67999267578125,139.11500549316406,339.1199951171875,289.1400146484375,260.9175109863281,294.7300109863281,114.2750015258789,424.260009765625,293.8399963378906,209.60000610351562,341.260009765625,243.27000427246094,631.8300170898438,115.6500015258789,1229.3199462890625,347.1400146484375,623.3900146484375,95.88999938964844,5442.330078125,49.29010009765625,85.29000091552734,319.9700012207031,342.55999755859375,210.4600067138672,27.7450008392334,890.7999877929688,38.224998474121094,481.63238525390625,74.23999786376953,64.48500061035156,35.20989990234375,187.39500427246094,84.12000274658203,230.375,144.02999877929688,70.23999786376953,204.3699951171875,43.310001373291016,142.02000427246094,40.494998931884766,67.61000061035156,79.91500091552734,86.6500015258789,123.38999938964844,320.0400085449219,319.6400146484375,201.52000427246094,719.9400024414062,175.16000366210938,43.51070022583008,650.3699951171875,602.3200073242188,27.235000610351562,23.165000915527344,1364.85498046875,434.739990234375,201.13999938964844,319.3500061035156,73.08000183105469,51.94499969482422,2179.425048828125,648.469970703125,76.66000366210938,958.9000244140625,84.08000183105469,487.239990234375,163.5399932861328,341.1600036621094,90.4198989868164,189.96499633789062,237.77000427246094,166.6999969482422,90.73999786376953,193.0500030517578,111.54000091552734,116.30999755859375,120.9000015258789,138.0800018310547,182.7899932861328,58.48500061035156,177.36000061035156,799.4600219726562,438.29998779296875,186.46499633789062,86.9000015258789,167.47999572753906,517.9500122070312,304.4800109863281,160.52999877929688,196.9250030517578,129.69000244140625,436.2200012207031,254.96499633789062,187.3000030517578,221.5749969482422,480.57501220703125,28.565000534057617,210.9499969482422,199.1649932861328,73.81009674072266,226.2550048828125
2026-01-07 16:33:00+00:00,261.75,139.11500549316406,338.8699951171875,289.0899963378906,260.8299865722656,294.8299865722656,114.29000091552734,424.3800048828125,293.6400146484375,209.60009765625,341.3800048828125,243.3347930908203,631.0999755859375,115.72000122070312,1229.3399658203125,347.260009765625,623.7050170898438,95.86000061035156,5444.919921875,49.31999969482422,85.30840301513672,320.1293029785156,342.9599914550781,210.52000427246094,27.724000930786133,890.75,38.167999267578125,481.7950134277344,74.25,64.61000061035156,35.19499969482422,187.3686065673828,84.0999984741211,230.27999877929688,144.13999938964844,70.25,204.36000061035156,43.28499984741211,142.02000427246094,40.5099983215332,67.55999755859375,79.97000122070312,86.61759948730469,123.38999938964844,319.9700012207031,319.57000732421875,201.55990600585938,719.760009765625,175.1999969482422,43.55009841918945,650.6199951171875,603.25,27.229999542236328,23.174999237060547,1365.1199951171875,434.9200134277344,201.1300048828125,319.3399963378906,73.11000061035156,51.94499969482422,2179.23193359375,648.532470703125,76.66000366210938,958.6649780273438,84.16999816894531,487.447998046875,163.13999938964844,341.260009765625,90.3949966430664,190.00999450683594,237.72999572753906,166.8430938720703,90.75,193.03750610351562,111.48999786376953,116.25499725341797,120.91000366210938,138.07000732421875,183.06500244140625,58.45500183105469,177.5050048828125,799.219970703125,,186.47000122070312,86.80500030517578,167.49000549316406,518.8699951171875,304.6099853515625,160.39500427246094,196.92840576171875,129.697998046875,436.32000732421875,,187.52000427246094,221.61500549316406,480.94000244140625,28.565000534057617,210.90499877929688,199.1699981689453,73.83650207519531,226.2449951171875
2026-01-07 16:34:00+00:00,261.7699890136719,139.07000732421875,338.8900146484375,289.1300048828125,260.6499938964844,294.864990234375,114.28500366210938,424.3999938964844,293.6449890136719,209.58999633789062,341.1444091796875,243.13999938964844,630.4749755859375,115.62999725341797,1228.3299560546875,347.2200012207031,623.5900268554688,95.83999633789062,,49.310001373291016,85.31999969482422,320.1400146484375,342.7099914550781,210.38999938964844,27.674999237060547,890.9199829101562,38.15999984741211,482.2699890136719,74.23500061035156,64.52999877929688,35.18000030517578,,84.1050033569336,230.39999389648438,144.05999755859375,70.17500305175781,204.36000061035156,43.26499938964844,142.02999877929688,40.48500061035156,67.5199966430664,79.95999908447266,86.5999984741211,123.375,319.7699890136719,319.3699951171875,201.3800048828125,720.3800048828125,175.17999267578125,43.55500030517578,650.364990234375,603.280029296875,27.209999084472656,23.166400909423828,1364.7449951171875,434.7900085449219,201.1999969482422,319.25250244140625,73.0199966430664,51.92499923706055,2181.719970703125,648.003173828125,76.67500305175781,958.125,84.11000061035156,486.92498779296875,163.11000061035156,341.69000244140625,90.36009979248047,189.88999938964844,237.60499572753906,166.97000122070312,90.73999786376953,193.13499450683594,,116.26000213623047,120.96499633789062,138.0,183.22999572753906,58.435001373291016,177.49000549316406,797.6749877929688,438.0,186.4600067138672,86.78500366210938,167.35000610351562,518.7150268554688,304.5150146484375,160.25999450683594,197.0850067138672,129.5697021484375,436.7300109863281,254.98500061035156,187.50999450683594,221.6199951171875,480.6400146484375,28.568599700927734,210.9199981689453,199.3300018310547,73.83000183105469,226.1562957763672
2026-01-07 16:35:00+00:00,261.8299865722656,139.11000061035156,339.0,289.0350036621094,260.56500244140625,294.8999938964844,114.25,424.4100036621094,293.6700134277344,209.49000549316406,341.0201110839844,243.17799377441406,631.0650024414062,115.73500061035156,1230.530029296875,347.32501220703125,,95.83999633789062,5450.0,49.23740005493164,85.33000183105469,320.4700012207031,342.9599914550781,210.2449951171875,27.693099975585938,891.2899780273438,38.179901123046875,482.6300048828125,74.2300033569336,64.62000274658203,35.185001373291016,187.69000244140625,84.0999984741211,230.44500732421875,144.1999969482422,70.18499755859375,204.36000061035156,43.2598991394043,142.0449981689453,40.470001220703125,67.61000061035156,79.91999816894531,86.65499877929688,123.38999938964844,319.8599853515625,319.489990234375,201.4499969482422,720.510009765625,175.12069702148438,43.58000183105469,650.8519897460938,603.094970703125,27.225000381469727,23.17009925842285,1366.8399658203125,435.04998779296875,201.45799255371094,319.6700134277344,73.01000213623047,51.935001373291016,2180.47509765625,648.5999755859375,76.7300033569336,956.0499877929688,84.19999694824219,486.9989929199219,162.80999755859375,341.17999267578125,90.37000274658203,189.6929931640625,237.6999969482422,,90.76499938964844,193.1199951171875,111.4749984741211,116.22000122070312,121.02999877929688,137.99000549316406,183.33999633789062,58.44160079956055,177.4499969482422,797.8800048828125,438.010009765625,186.5800018310547,86.7750015258789,167.33999633789062,519.114990234375,304.54998779296875,160.30999755859375,197.15499877929688,129.52999877929688,437.3800048828125,255.2100067138672,187.30999755859375,221.6199951171875,480.5199890136719,28.567699432373047,210.9949951171875,198.91000366210938,73.83000183105469,225.96499633789062
2026-01-07 16:36:00+00:00,261.70001220703125,139.1199951171875,339.1449890136719,289.06500244140625,260.5299987792969,295.0993957519531,114.25,424.20001220703125,293.60400390625,209.55999755859375,340.5849914550781,243.0800018310547,631.0800170898438,115.66500091552734,1229.9000244140625,347.5397033691406,624.0800170898438,95.81999969482422,5444.14990234375,49.1879997253418,85.30000305175781,320.3800048828125,342.75,210.14999389648438,27.69499969482422,891.7000122070312,38.165000915527344,482.75,74.23500061035156,64.58499908447266,35.174400329589844,187.63999938964844,84.12999725341797,230.50999450683594,144.52000427246094,70.1500015258789,204.35499572753906,43.2400016784668,141.8000030517578,40.48500061035156,67.55000305175781,79.87999725341797,86.62999725341797,123.42500305175781,319.94000244140625,319.5050048828125,201.4001007080078,720.3099975585938,175.0500030517578,43.52000045776367,650.5349731445312,603.094970703125,27.225000381469727,23.174999237060547,1366.2498779296875,435.1199951171875,201.65499877929688,319.8500061035156,73.0,51.93000030517578,2180.554931640625,648.2899780273438,76.69000244140625,956.0001220703125,84.17500305175781,487.0400085449219,162.6367950439453,340.8999938964844,90.4655990600586,189.53500366210938,237.4199981689453,166.90499877929688,90.7699966430664,193.21499633789062,111.4749984741211,116.16999816894531,121.11000061035156,137.98500061035156,183.30999755859375,58.429901123046875,177.17999267578125,797.7532958984375,438.0,186.60000610351562,86.7300033569336,167.32000732421875,518.9199829101562,304.239990234375,160.38999938964844,197.17999267578125,129.6199951171875,436.9700012207031,255.36000061035156,187.24000549316406,221.6199951171875,480.514404296875,28.559999465942383,211.07000732421875,198.82000732421875,73.81999969482422,226.2100067138672
2026-01-07 16:37:00+00:00,261.67999267578125,139.1199951171875,339.3599853515625,289.114990234375,260.58990478515625,295.1549987792969,114.26000213623047,423.70001220703125,293.0799865722656,209.55470275878906,340.9599914550781,243.1699981689453,630.5549926757812,115.68710327148438,1229.72998046875,347.4800109863281,623.676513671875,95.83000183105469,,49.220001220703125,85.33999633789062,320.3800048828125,342.7699890136719,210.52499389648438,27.709699630737305,891.5349731445312,38.19499969482422,482.6499938964844,74.25,64.63999938964844,35.17499923706055,187.60009765625,84.11000061035156,230.83999633789062,144.4499969482422,70.23999786376953,204.35499572753906,43.23680114746094,141.86500549316406,40.54999923706055,67.54499816894531,79.90499877929688,86.61000061035156,123.38500213623047,319.635009765625,319.2300109863281,201.4763946533203,719.0700073242188,,43.560001373291016,650.206787109375,603.094970703125,27.21500015258789,23.174999237060547,1363.6199951171875,434.95001220703125,201.42999267578125,319.80999755859375,72.92160034179688,51.93000030517578,2177.889892578125,648.4949951171875,76.68000030517578,953.594970703125,84.30500030517578,487.05218505859375,163.02999877929688,340.81781005859375,90.45500183105469,189.52999877929688,237.3249969482422,166.99000549316406,90.77999877929688,193.17999267578125,111.58499908447266,116.0999984741211,121.26000213623047,137.97000122070312,183.80499267578125,58.51499938964844,177.1699981689453,797.1400146484375,437.8999938964844,186.64500427246094,86.86000061035156,167.38999938964844,519.0999755859375,303.5,160.36000061035156,197.1945037841797,129.64999389648438,437.0780029296875,,187.22000122070312,221.51010131835938,480.7699890136719,28.560100555419922,211.1024932861328,197.83999633789062,73.81500244140625,226.25999450683594
2026-01-07 16:38:00+00:00,261.6499938964844,138.98500061035156,339.0350036621094,289.239990234375,260.6600036621094,294.9800109863281,114.31500244140625,423.3699951171875,293.3699951171875,209.59500122070312,340.8699951171875,243.1300048828125,629.655029296875,115.72000122070312,1228.4649658203125,347.7632141113281,624.7100219726562,95.83999633789062,5451.490234375,49.30500030517578,85.30999755859375,320.92999267578125,342.8299865722656,210.4550018310547,27.690000534057617,891.510009765625,38.185001373291016,482.80999755859375,74.3550033569336,64.6050033569336,35.13999938964844,,84.06999969482422,230.6699981689453,144.10499572753906,70.23249816894531,,43.255001068115234,141.86000061035156,40.564998626708984,67.55999755859375,79.86720275878906,86.61499786376953,123.4800033569336,319.3999938964844,318.9849853515625,201.5399932861328,719.1300048828125,175.00999450683594,43.535099029541016,650.6500244140625,603.2899780273438,27.21500015258789,23.184999465942383,1363.5450439453125,434.80999755859375,201.5399932861328,319.94000244140625,72.87999725341797,51.935001373291016,2176.18994140625,648.3900146484375,76.67359924316406,953.6099853515625,84.31199645996094,486.8500061035156,163.0800018310547,341.0899963378906,90.45549774169922,189.6199951171875,237.33999633789062,166.97999572753906,90.760498046875,192.89999389648438,111.58999633789062,116.13999938964844,121.2300033569336,138.08999633789062,183.810302734375,58.522300720214844,177.25,796.052978515625,438.0,186.6300048828125,86.81999969482422,167.27499389648438,519.60498046875,303.885009765625,160.13999938964844,197.2449951171875,129.65499877929688,436.78399658203125,255.05999755859375,187.27999877929688,221.4600067138672,480.8299865722656,28.565000534057617,210.8699951171875,198.1699981689453,73.83499908447266,226.2449951171875
2026-01-07 16:39:00+00:00,261.510009765625,139.04029846191406,339.0450134277344,289.239990234375,260.4949951171875,294.95001220703125,114.33000183105469,,293.6600036621094,209.76370239257812,340.8999938964844,243.07000732421875,629.719970703125,115.81999969482422,1229.8399658203125,347.9800109863281,,95.83999633789062,5450.77001953125,49.36000061035156,85.29499816894531,320.9150085449219,343.54998779296875,210.5500030517578,27.690000534057617,891.4349975585938,38.165000915527344,482.7650146484375,74.33999633789062,64.68000030517578,35.1150016784668,187.69500732421875,84.0999984741211,230.61500549316406,144.39999389648438,70.19999694824219,204.35000610351562,43.2400016784668,141.86000061035156,40.55500030517578,67.54000091552734,79.8949966430664,86.58000183105469,123.44499969482422,319.80999755859375,319.3800048828125,201.41000366210938,718.6400146484375,175.0,43.51499938964844,651.0,602.6649780273438,27.21500015258789,23.174999237060547,1363.5999755859375,434.4800109863281,201.69520568847656,319.8949890136719,72.9000015258789,51.92499923706055,2175.635009765625,649.2000122070312,76.67500305175781,953.4550170898438,84.43000030517578,486.9049987792969,163.1999969482422,341.5299987792969,90.4739990234375,189.60499572753906,237.46499633789062,166.9600067138672,90.69999694824219,192.9199981689453,111.5250015258789,116.0999984741211,121.2300033569336,138.02999877929688,183.8459930419922,58.529998779296875,177.24000549316406,796.4099731445312,438.3800048828125,186.60000610351562,86.77799987792969,167.49000549316406,519.510009765625,304.1700134277344,159.8000030517578,197.1300048828125,129.60000610351562,436.7699890136719,255.07000732421875,187.23500061035156,221.3975067138672,480.6449890136719,28.579999923706055,211.0800018310547,198.55999755859375,73.80999755859375,226.24000549316406
2026-01-07 16:40:00+00:00,261.65020751953125,139.0,339.31500244140625,289.4800109863281,260.5899963378906,295.1600036621094,114.34120178222656,423.3299865722656,293.4750061035156,209.8249969482422,340.9649963378906,243.1199951171875,629.7349853515625,115.81500244140625,1229.955078125,347.79998779296875,,95.81999969482422,5452.39013671875,49.313499450683594,85.33000183105469,320.8450012207031,343.2106018066406,210.71499633789062,27.709999084472656,891.1500244140625,38.1879997253418,481.81500244140625,74.41500091552734,64.5999984741211,35.1349983215332,187.69500732421875,84.0999984741211,230.67999267578125,144.0,70.26000213623047,204.36500549316406,43.26499938964844,141.94000244140625,40.54499816894531,67.58999633789062,79.97000122070312,86.56999969482422,123.41000366210938,319.8299865722656,319.42919921875,201.50999450683594,719.1849975585938,175.11500549316406,43.53499984741211,651.114990234375,602.9199829101562,27.225000381469727,23.174999237060547,1364.219970703125,434.57000732421875,201.77000427246094,320.0299987792969,72.91999816894531,51.95000076293945,2175.389892578125,649.7899780273438,76.70500183105469,953.4500122070312,84.5199966430664,487.3999938964844,163.27000427246094,341.6000061035156,90.54450225830078,189.67999267578125,237.81500244140625,167.2100067138672,90.71499633789062,192.86000061035156,111.52999877929688,116.16999816894531,121.29000091552734,138.02000427246094,183.8800048828125,58.528499603271484,177.36000061035156,797.0349731445312,438.4049987792969,186.6219024658203,86.7300033569336,167.48150634765625,519.7449951171875,304.0299987792969,159.67999267578125,197.25999450683594,129.6999969482422,436.80499267578125,,187.3300018310547,221.49000549316406,480.885009765625,28.579999923706055,211.24000549316406,198.20779418945312,73.86000061035156,226.1999969482422
2026-01-07 16:41:00+00:00,261.7250061035156,138.97000122070312,339.19000244140625,289.7099914550781,260.57000732421875,294.95001220703125,114.41000366210938,423.8299865722656,293.6099853515625,210.05999755859375,341.2799987792969,243.0800018310547,630.8400268554688,115.81500244140625,1229.300048828125,348.1400146484375,623.5,95.8324966430664,5450.02978515625,49.30500030517578,85.41339874267578,320.5050048828125,343.1050109863281,210.73500061035156,27.704999923706055,891.010009765625,38.18000030517578,481.2099914550781,74.35350036621094,64.5199966430664,35.1349983215332,187.7899932861328,,230.8000030517578,144.07000732421875,70.23249816894531,204.35499572753906,43.27000045776367,142.08999633789062,40.56669998168945,67.61000061035156,79.94999694824219,86.5999984741211,123.61000061035156,319.7799987792969,319.3450012207031,201.4949951171875,719.1300048828125,175.1750030517578,43.595401763916016,651.1300048828125,603.0549926757812,27.235000610351562,23.184999465942383,1365.344970703125,434.5,201.57000732421875,320.0450134277344,72.97000122070312,51.94499969482422,2172.580078125,649.8400268554688,76.75900268554688,953.4500122070312,84.43699645996094,487.5799865722656,163.13999938964844,341.489990234375,90.55500030517578,189.63999938964844,237.8000030517578,167.19500732421875,90.7249984741211,192.9149932861328,111.52999877929688,116.1604995727539,121.36000061035156,138.0800018310547,184.14999389648438,58.53499984741211,177.36500549316406,798.2550048828125,438.1549987792969,186.62429809570312,86.70999908447266,167.3800048828125,519.0150146484375,304.260009765625,159.75,197.3699951171875,,436.8999938964844,255.22999572753906,187.4199981689453,221.38499450683594,481.0,28.579999923706055,211.0050048828125,198.34500122070312,73.85009765625,226.22999572753906
2026-01-07 16:42:00+00:00,261.7749938964844,139.0,339.70001220703125,289.5400085449219,260.92999267578125,295.1499938964844,114.38500213623047,424.05999755859375,293.5950012207031,210.05999755859375,341.3699951171875,243.06500244140625,631.4149780273438,115.80000305175781,1228.7249755859375,348.0799865722656,622.9099731445312,95.71499633789062,,49.25,85.44000244140625,320.3399963378906,343.0,211.60000610351562,27.760000228881836,890.9500122070312,38.21500015258789,481.4725036621094,74.38870239257812,64.62999725341797,35.16559982299805,187.82000732421875,84.16999816894531,230.69500732421875,144.08999633789062,70.2300033569336,,43.290000915527344,142.09500122070312,40.59000015258789,67.61000061035156,79.94000244140625,86.60009765625,123.62000274658203,319.67401123046875,319.2099914550781,201.52499389648438,,175.25999450683594,43.595001220703125,651.5,602.8800048828125,27.2549991607666,23.204999923706055,1364.739990234375,434.7099914550781,201.47000122070312,320.19000244140625,72.93000030517578,51.974998474121094,2172.89990234375,650.02001953125,76.76000213623047,952.1300048828125,84.38500213623047,487.4200134277344,163.5,341.2149963378906,90.5999984741211,189.7801971435547,237.8000030517578,167.27000427246094,90.76499938964844,192.84500122070312,111.6500015258789,116.20999908447266,121.43000030517578,138.10000610351562,184.07000732421875,58.599998474121094,177.32000732421875,798.0750122070312,438.44000244140625,186.7100067138672,86.76000213623047,167.5500030517578,519.5850219726562,303.70001220703125,159.92999267578125,197.54400634765625,129.8000030517578,437.2300109863281,255.35000610351562,187.3800048828125,221.6898956298828,480.9549865722656,28.584999084472656,211.08999633789062,198.25,73.87999725341797,226.30999755859375
2026-01-07 16:43:00+00:00,262.010009765625,139.02000427246094,339.7950134277344,289.6400146484375,261.05999755859375,295.2099914550781,114.40750122070312,424.29998779296875,293.8900146484375,210.39999389648438,341.5400085449219,243.19000244140625,631.7501220703125,115.79000091552734,1229.93994140625,348.4649963378906,623.0,95.73500061035156,5457.0,49.30500030517578,85.44000244140625,320.6798095703125,343.1000061035156,211.32000732421875,27.770000457763672,890.9450073242188,38.24359893798828,481.74560546875,74.38999938964844,64.72000122070312,35.189998626708984,187.97000122070312,84.16500091552734,230.7550048828125,144.07000732421875,70.26000213623047,,43.310001373291016,142.22000122070312,40.58000183105469,67.5999984741211,79.9000015258789,86.67500305175781,123.63999938964844,319.82000732421875,319.4194030761719,201.75,719.739990234375,175.25250244140625,43.635101318359375,651.7100219726562,603.25,27.260000228881836,23.204999923706055,1363.6600341796875,434.75,201.85000610351562,320.55999755859375,73.06500244140625,51.959999084472656,2173.800048828125,650.9901123046875,76.73500061035156,948.0599975585938,84.52999877929688,487.45050048828125,163.83999633789062,342.2099914550781,90.66500091552734,189.89019775390625,237.9600067138672,167.52999877929688,90.77999877929688,192.74000549316406,111.61000061035156,116.33000183105469,121.37000274658203,138.08999633789062,184.27999877929688,58.6349983215332,177.49000549316406,798.5900268554688,438.3125,186.83999633789062,86.76000213623047,167.63999938964844,519.875,304.0249938964844,159.8300018310547,197.60000610351562,129.89999389648438,437.3599853515625,255.4600067138672,187.35499572753906,221.66000366210938,481.07000732421875,28.571399688720703,211.3000030517578,198.5,73.88500213623047,226.47000122070312
2026-01-07 16:44:00+00:00,262.0000915527344,139.0449981689453,339.7749938964844,289.44000244140625,260.9949951171875,295.1400146484375,114.36009979248047,424.29998779296875,293.7900085449219,210.39999389648438,341.614990234375,243.14999389648438,633.1649780273438,115.85700225830078,1230.56494140625,348.4800109863281,623.6799926757812,95.71499633789062,5455.5498046875,49.29999923706055,85.44999694824219,321.32989501953125,343.0,211.25999450683594,27.760000228881836,891.114990234375,38.220001220703125,482.2120056152344,74.42400360107422,64.93000030517578,35.16999816894531,188.0,84.22000122070312,230.8699951171875,144.14500427246094,70.2249984741211,204.36329650878906,43.30500030517578,142.16000366210938,40.58000183105469,,80.08000183105469,86.73500061035156,123.7249984741211,319.8599853515625,319.44000244140625,201.73500061035156,719.9299926757812,175.2449951171875,43.650001525878906,652.0,603.4000854492188,27.2450008392334,23.200000762939453,1365.25,434.68499755859375,201.8560028076172,320.5799865722656,73.05000305175781,51.970001220703125,2173.85498046875,651.0850219726562,76.67500305175781,949.219970703125,84.54000091552734,487.4700012207031,164.05999755859375,342.3500061035156,90.81500244140625,189.88670349121094,237.88499450683594,167.44000244140625,90.7699966430664,192.86000061035156,111.61499786376953,116.27999877929688,121.36000061035156,138.05499267578125,184.35000610351562,58.630001068115234,177.34500122070312,798.2899780273438,438.489990234375,186.71299743652344,86.76499938964844,167.69000244140625,520.5700073242188,304.2349853515625,159.9499969482422,197.7100067138672,,437.32501220703125,255.30999755859375,187.3699951171875,221.58799743652344,481.4100036621094,28.579999923706055,211.61000061035156,198.7100067138672,73.86000061035156,226.52000427246094
2026-01-07 16:45:00+00:00,262.1499938964844,139.02000427246094,339.93499755859375,289.6651916503906,261.0849914550781,295.1947021484375,114.30010223388672,425.1600036621094,293.81500244140625,210.4149932861328,341.8699951171875,243.2653045654297,633.5449829101562,115.87000274658203,1231.4100341796875,348.5880126953125,623.1799926757812,95.68499755859375,,49.27000045776367,85.44999694824219,321.55499267578125,342.8399963378906,211.3800048828125,27.77549934387207,891.3800048828125,38.22999954223633,481.9150085449219,74.40989685058594,64.83999633789062,35.19499969482422,188.0500030517578,84.25,231.27999877929688,144.10000610351562,,204.3699951171875,43.290000915527344,141.9250030517578,40.56999969482422,67.6500015258789,80.13150024414062,86.69999694824219,123.7699966430664,320.1650085449219,319.7650146484375,201.71249389648438,719.9249877929688,175.82000732421875,43.647499084472656,652.3800048828125,603.2550048828125,27.2450008392334,23.200000762939453,1365.050048828125,434.43499755859375,201.88999938964844,320.5899963378906,73.0250015258789,51.904998779296875,2176.3798828125,651.35498046875,76.69999694824219,951.219970703125,84.68499755859375,487.8883056640625,164.0449981689453,342.4599914550781,90.8949966430664,189.947998046875,238.11500549316406,167.52000427246094,90.76000213623047,192.99000549316406,111.56999969482422,116.24500274658203,121.30999755859375,138.0800018310547,184.63999938964844,58.61000061035156,177.44000244140625,800.02001953125,438.4949951171875,186.7899932861328,86.70999908447266,167.94000244140625,520.5850219726562,304.2900085449219,159.8300018310547,197.75,129.8300018310547,437.72601318359375,255.50999450683594,187.34750366210938,221.39999389648438,481.8399963378906,28.579999923706055,211.6199951171875,198.77000427246094,73.81999969482422,226.9149932861328
2026-01-07 16:46:00+00:00,262.239990234375,139.00999450683594,340.0,289.5400085449219,261.07000732421875,295.2099914550781,114.26000213623047,424.80999755859375,293.6600036621094,210.3101043701172,341.5830078125,243.4438018798828,634.25,115.93000030517578,1233.427490234375,348.88250732421875,623.4500122070312,95.62999725341797,5458.30517578125,49.24800109863281,85.41999816894531,322.0,342.7969970703125,211.0800018310547,27.760000228881836,891.4299926757812,38.255001068115234,481.67999267578125,74.38999938964844,64.96499633789062,35.23500061035156,,84.2300033569336,231.1300048828125,144.49000549316406,70.22000122070312,,43.26499938964844,141.8300018310547,40.564998626708984,67.6500015258789,80.18000030517578,86.63009643554688,123.73999786376953,320.19000244140625,319.7301025390625,201.61000061035156,719.875,175.47999572753906,43.62160110473633,652.4600219726562,603.1199951171875,27.2450008392334,23.19499969482422,1364.3699951171875,434.45001220703125,201.71499633789062,320.3599853515625,72.94000244140625,51.86000061035156,2177.0,651.5,76.69999694824219,951.4650268554688,84.70500183105469,488.07000732421875,164.1199951171875,342.0899963378906,90.9540023803711,190.0601043701172,238.1699981689453,167.4499969482422,90.73999786376953,193.25,,116.24500274658203,121.31600189208984,138.00750732421875,184.8350067138672,58.64500045776367,177.5800018310547,799.135009765625,438.364990234375,186.69000244140625,86.79989624023438,168.1873016357422,520.719970703125,303.6300048828125,160.02000427246094,197.73500061035156,129.7899932861328,438.2699890136719,,187.22000122070312,221.50999450683594,481.7724914550781,28.594999313354492,211.64500427246094,198.44659423828125,73.7750015258789,227.22000122070312
2026-01-07 16:47:00+00:00,262.0600891113281,139.0301971435547,339.9549865722656,289.5199890136719,261.20001220703125,295.2900085449219,,424.5350036621094,293.57000732421875,210.35069274902344,341.6300048828125,243.47999572753906,634.6400146484375,115.93499755859375,1233.31005859375,348.885009765625,,95.70500183105469,5459.14501953125,49.20000076293945,85.4000015258789,322.0400085449219,343.29998779296875,211.1699981689453,27.7450008392334,891.0,38.275001525878906,482.0,74.47000122070312,64.9800033569336,35.20500183105469,188.0500030517578,84.22000122070312,231.26109313964844,144.44749450683594,70.22000122070312,204.3699951171875,43.275001525878906,141.78500366210938,40.57500076293945,67.69000244140625,80.29000091552734,86.62999725341797,123.75499725341797,320.0899963378906,319.6499938964844,201.64999389648438,719.864990234375,175.67999267578125,43.54999923706055,652.3200073242188,602.6199951171875,27.2450008392334,23.184999465942383,1365.1099853515625,434.3699951171875,202.0800018310547,320.45001220703125,72.94000244140625,51.862300872802734,2176.014892578125,651.6256103515625,76.72000122070312,951.0,84.70999908447266,488.2749938964844,163.8800048828125,342.2699890136719,90.96499633789062,190.0850067138672,238.0850067138672,167.25,90.73030090332031,193.1999969482422,111.58000183105469,116.23249816894531,121.27999877929688,137.86000061035156,184.88499450683594,58.630001068115234,177.47000122070312,799.0599975585938,438.3450012207031,186.66090393066406,86.83999633789062,168.28500366210938,520.8699951171875,303.8127136230469,160.00999450683594,197.84500122070312,,438.0481872558594,255.99000549316406,187.13999938964844,221.36000061035156,481.760009765625,28.59000015258789,211.7050018310547,198.67999267578125,73.76000213623047,227.16000366210938
2026-01-07 16:48:00+00:00,261.95941162109375,139.11000061035156,340.6099853515625,289.43499755859375,261.17999267578125,295.2995910644531,114.26000213623047,423.8299865722656,293.5,210.44000244140625,341.56500244140625,243.44000244140625,634.5623779296875,115.87999725341797,1233.239990234375,348.94000244140625,623.8300170898438,95.6500015258789,5459.52490234375,49.15999984741211,85.3949966430664,321.8550109863281,343.3500061035156,211.10000610351562,27.735000610351562,890.864990234375,38.275001525878906,482.010009765625,74.55000305175781,64.87999725341797,35.20500183105469,,84.20999908447266,231.2729949951172,144.30499267578125,70.23999786376953,204.35499572753906,43.275001525878906,141.7050018310547,40.564998626708984,67.66500091552734,80.29499816894531,,123.5999984741211,319.9800109863281,319.53741455078125,201.6300048828125,719.4500122070312,175.56500244140625,43.59450149536133,652.375,602.60498046875,27.2450008392334,23.184600830078125,,434.29998779296875,201.9499969482422,320.5950012207031,72.9800033569336,51.8745002746582,2177.06005859375,651.6799926757812,76.75140380859375,947.4000244140625,84.63500213623047,488.1300048828125,163.8800048828125,342.1600036621094,90.9800033569336,189.94500732421875,238.0399932861328,167.28250122070312,90.7300033569336,193.4248046875,111.58999633789062,116.29000091552734,121.21499633789062,137.85499572753906,184.95799255371094,58.650001525878906,177.39999389648438,798.8875122070312,438.17999267578125,186.72500610351562,86.75,168.4600067138672,520.8599853515625,304.1600036621094,160.14500427246094,197.8000030517578,129.8300018310547,437.68011474609375,256.0799865722656,187.27000427246094,221.36000061035156,481.2799987792969,28.586200714111328,211.89999389648438,198.72999572753906,73.77999877929688,227.4499969482422
2026-01-07 16:49:00+00:00,262.0299987792969,139.0850067138672,341.0,289.1099853515625,261.2200012207031,295.2950134277344,114.31999969482422,423.8399963378906,293.1700134277344,210.3249969482422,341.57000732421875,243.32000732421875,634.635009765625,115.77999877929688,1230.510009765625,349.0400085449219,624.1099853515625,95.5801010131836,5456.66015625,49.18000030517578,85.40499877929688,321.9750061035156,343.6885986328125,210.69000244140625,27.729999542236328,890.3900146484375,38.26340103149414,482.13629150390625,74.55000305175781,64.875,35.20500183105469,187.90499877929688,,231.6300048828125,144.4398956298828,70.22000122070312,204.3699951171875,43.29999923706055,141.88999938964844,40.5536003112793,67.6500015258789,80.3499984741211,86.55500030517578,123.62000274658203,319.9801940917969,319.55999755859375,201.63499450683594,720.22998046875,175.42999267578125,43.45500183105469,652.5499877929688,602.5549926757812,27.2450008392334,23.190000534057617,1363.1500244140625,434.3800048828125,201.7100067138672,320.7799987792969,72.87000274658203,51.8849983215332,2178.56005859375,651.5650024414062,76.70999908447266,945.1099853515625,84.56999969482422,487.9599914550781,163.8300018310547,342.1099853515625,91.07499694824219,189.8249969482422,237.72999572753906,167.3800048828125,90.76000213623047,193.36500549316406,111.58499908447266,116.30000305175781,121.30000305175781,137.8394012451172,184.77000427246094,58.61949920654297,177.2050018310547,799.5700073242188,438.3999938964844,186.73500061035156,86.81999969482422,168.41000366210938,520.7150268554688,304.4700012207031,160.02999877929688,197.80499267578125,129.7100067138672,438.0299987792969,256.05999755859375,187.0850067138672,221.19000244140625,481.29998779296875,28.575000762939453,211.9149932861328,198.8000030517578,73.80000305175781,227.4499969482422
2026-01-07 16:50:00+00:00,262.05999755859375,139.11000061035156,341.30499267578125,289.3299865722656,261.2200012207031,295.45001220703125,,424.80999755859375,293.1050109863281,210.4199981689453,341.6499938964844,243.3489990234375,635.4400024414062,115.86000061035156,1230.3800048828125,349.2749938964844,,95.58000183105469,,49.15999984741211,85.3949966430664,322.3299865722656,343.6099853515625,210.7899932861328,27.735000610351562,890.4400024414062,38.224998474121094,482.4649963378906,74.53500366210938,64.94000244140625,35.20500183105469,187.90499877929688,84.16000366210938,231.4600067138672,144.46499633789062,70.20999908447266,204.3699951171875,43.29499816894531,141.7899932861328,40.540000915527344,67.66000366210938,80.41999816894531,86.62000274658203,123.5999984741211,319.7449951171875,319.32501220703125,201.63499450683594,719.5,175.4499969482422,43.34510040283203,653.2999877929688,602.5850219726562,27.235000610351562,23.165000915527344,1363.10498046875,434.4549865722656,201.9199981689453,321.13360595703125,72.93000030517578,51.875,2180.0,651.4099731445312,76.69999694824219,947.0800170898438,84.51000213623047,488.07501220703125,163.7100067138672,341.9700012207031,91.16500091552734,189.72000122070312,237.86000061035156,167.375,90.7300033569336,193.39999389648438,111.58499908447266,116.30000305175781,121.2300033569336,137.8300018310547,184.7899932861328,58.6150016784668,177.27000427246094,798.719970703125,438.3500061035156,186.80999755859375,86.91000366210938,168.48770141601562,522.1749877929688,304.1940002441406,160.08999633789062,197.82000732421875,129.6699981689453,437.7200012207031,256.25,187.0850067138672,,480.83740234375,28.58449935913086,211.9250030517578,198.63999938964844,73.80000305175781,227.72500610351562
2026-01-07 16:51:00+00:00,262.1000061035156,138.97999572753906,341.1099853515625,289.29998779296875,261.2699890136719,295.3900146484375,114.31999969482422,424.8800048828125,293.135009765625,210.57000732421875,341.6099853515625,243.42999267578125,635.2100219726562,115.80000305175781,1230.114990234375,349.25,623.3200073242188,95.61000061035156,,49.130001068115234,85.375,322.25,343.57501220703125,210.67999267578125,27.729999542236328,890.4749755859375,38.224998474121094,481.9100036621094,74.49500274658203,64.86000061035156,35.22999954223633,187.99000549316406,84.13999938964844,231.33999633789062,144.40499877929688,70.20500183105469,204.3699951171875,43.29990005493164,141.72000122070312,40.54999923706055,67.66699981689453,80.37999725341797,86.61000061035156,123.58000183105469,319.7950134277344,319.3299865722656,201.66000366210938,720.0399780273438,175.3800048828125,43.4015998840332,653.0072021484375,602.8800048828125,27.2450008392334,23.165000915527344,1362.905029296875,434.4649963378906,202.1699981689453,321.1099853515625,72.95999908447266,51.84000015258789,2178.534912109375,651.6900024414062,76.7300033569336,942.7899780273438,84.51000213623047,488.2200012207031,163.65499877929688,341.82000732421875,91.02999877929688,189.7550048828125,237.77499389648438,,90.75019836425781,193.42999267578125,111.58000183105469,116.25,121.25499725341797,137.85000610351562,184.92999267578125,58.625,177.5850067138672,799.5125122070312,438.4800109863281,186.86000061035156,86.91500091552734,168.43499755859375,521.3250122070312,304.1000061035156,,197.9499969482422,,437.42999267578125,256.4200134277344,187.14500427246094,221.0850067138672,480.8301086425781,28.575000762939453,211.91000366210938,198.50999450683594,73.80999755859375,227.93280029296875
2026-01-07 16:52:00+00:00,262.1619873046875,138.97500610351562,341.07000732421875,289.2300109863281,261.0899963378906,295.32000732421875,114.31999969482422,424.8699951171875,293.6300048828125,210.5800018310547,341.5799865722656,243.5731964111328,634.530029296875,115.80000305175781,1230.7049560546875,349.43499755859375,622.780029296875,95.61000061035156,5451.0400390625,49.08000183105469,85.38500213623047,322.29998779296875,343.625,210.69000244140625,27.725000381469727,889.7949829101562,38.189998626708984,481.8450012207031,74.48989868164062,64.625,35.23500061035156,187.9824981689453,84.0801010131836,231.11000061035156,144.4199981689453,70.16709899902344,204.3699951171875,43.290000915527344,141.86000061035156,40.54999923706055,67.66999816894531,80.31500244140625,86.58000183105469,123.5199966430664,319.8900146484375,319.4200134277344,201.69000244140625,,175.35000610351562,43.415000915527344,652.9400024414062,602.530029296875,27.239999771118164,23.156999588012695,1364.4949951171875,434.55499267578125,202.5500030517578,321.0150146484375,72.8550033569336,51.85499954223633,2177.340087890625,651.5900268554688,76.73999786376953,943.89501953125,84.58000183105469,487.95001220703125,163.5800018310547,341.7049865722656,90.99009704589844,189.97000122070312,237.77499389648438,167.27000427246094,90.7699966430664,193.1300048828125,111.54000091552734,116.23999786376953,121.33499908447266,137.91000366210938,184.86000061035156,58.54499816894531,177.58999633789062,799.4650268554688,438.5150146484375,186.6199951171875,86.79499816894531,168.3699951171875,520.989990234375,304.239990234375,159.85000610351562,198.06640625,129.49000549316406,437.4599914550781,,187.0800018310547,221.0850067138672,480.5050048828125,28.575000762939453,211.83990478515625,198.38999938964844,73.80999755859375,227.6999969482422
2026-01-07 16:53:00+00:00,262.22198486328125,138.97500610351562,341.1549987792969,289.1650085449219,261.029296875,295.3500061035156,114.31999969482422,,293.18499755859375,210.4799041748047,341.6199951171875,243.6999969482422,634.4949951171875,115.76000213623047,1230.949951171875,349.1700134277344,622.7750244140625,95.6050033569336,5454.7099609375,48.91299819946289,85.38500213623047,322.29998779296875,343.3299865722656,210.75999450683594,27.735000610351562,889.8452758789062,38.189998626708984,481.54559326171875,74.47000122070312,64.68000030517578,35.279998779296875,187.97000122070312,84.0999984741211,231.0500030517578,144.38499450683594,70.16999816894531,,43.28499984741211,141.85000610351562,40.54999923706055,67.69999694824219,80.31999969482422,86.58499908447266,123.66000366210938,319.55999755859375,319.1400146484375,201.74000549316406,,175.55499267578125,43.474998474121094,652.9500122070312,602.5999755859375,27.2549991607666,23.155000686645508,1363.56005859375,434.7300109863281,202.3260040283203,321.0849914550781,72.91999816894531,51.875,2177.264892578125,651.5399780273438,76.74500274658203,943.7899780273438,84.54000091552734,487.81500244140625,163.7899932861328,341.44000244140625,91.05500030517578,190.01400756835938,237.47000122070312,167.30999755859375,90.73500061035156,193.39999389648438,111.53500366210938,116.19999694824219,121.2699966430664,137.94000244140625,184.77999877929688,58.56999969482422,177.5449981689453,799.4099731445312,438.32000732421875,186.58999633789062,86.75029754638672,168.40499877929688,520.4650268554688,304.0032958984375,159.9199981689453,198.05499267578125,129.52999877929688,437.44000244140625,256.19000244140625,187.08999633789062,221.0500030517578,481.0450134277344,28.579999923706055,211.77999877929688,198.60000610351562,73.83000183105469,227.55499267578125
2026-01-07 16:54:00+00:00,262.260009765625,138.8800048828125,341.30499267578125,289.2900085449219,261.17999267578125,295.42498779296875,114.29000091552734,424.8699951171875,293.2550048828125,210.34190368652344,341.3800048828125,243.77499389648438,634.0700073242188,115.74500274658203,1230.93994140625,349.3399963378906,623.4000244140625,95.61499786376953,5454.72021484375,48.869998931884766,85.37999725341797,322.4800109863281,343.3900146484375,210.49000549316406,27.733999252319336,889.7839965820312,38.22010040283203,481.8599853515625,74.48500061035156,64.66999816894531,35.29499816894531,188.09500122070312,84.12000274658203,231.10000610351562,144.37399291992188,70.18000030517578,204.3654022216797,43.28499984741211,141.875,40.564998626708984,67.69999694824219,80.37999725341797,86.62000274658203,123.55000305175781,319.6499938964844,319.17498779296875,201.72999572753906,719.2999877929688,175.539794921875,43.359901428222656,653.010009765625,602.1500244140625,27.2549991607666,23.155000686645508,1363.8499755859375,434.739990234375,201.92999267578125,321.2799987792969,72.91000366210938,51.85499954223633,2175.89990234375,651.989990234375,76.68499755859375,943.5399780273438,84.5,487.89691162109375,163.72999572753906,341.58990478515625,91.0802001953125,190.05999755859375,237.6699981689453,167.34500122070312,90.7699966430664,193.58999633789062,111.54000091552734,116.20999908447266,121.29000091552734,137.93499755859375,184.75,58.57609939575195,177.75,799.5150146484375,438.375,186.88999938964844,86.6500015258789,168.4250030517578,520.2349853515625,303.8299865722656,160.0225067138672,197.94000244140625,129.47000122070312,437.3384094238281,,187.05999755859375,,480.6000061035156,28.594999313354492,212.05999755859375,198.16000366210938,73.83999633789062,227.75
2026-01-07 16:55:00+00:00,262.2900085449219,138.91000366210938,341.4800109863281,289.0400085449219,261.1867980957031,295.45001220703125,114.31990051269531,425.0,293.2799987792969,210.44000244140625,341.3800048828125,243.90989685058594,634.0750122070312,115.84120178222656,1230.18994140625,349.3800048828125,623.0999755859375,95.66000366210938,5454.72021484375,48.88999938964844,85.36000061035156,322.4305114746094,343.80999755859375,210.38999938964844,27.71500015258789,889.3499755859375,38.22999954223633,481.71051025390625,74.47350311279297,64.55999755859375,35.28499984741211,188.1300048828125,84.12000274658203,231.1300048828125,144.4149932861328,70.19999694824219,,43.290000915527344,141.90499877929688,40.54999923706055,67.78500366210938,80.37999725341797,86.4000015258789,123.54499816894531,319.7401123046875,319.29998779296875,201.66009521484375,720.0,175.4499969482422,43.369998931884766,653.2427978515625,602.0,27.2450008392334,23.153099060058594,,434.6300048828125,201.82009887695312,321.2900085449219,72.80000305175781,51.85969924926758,2176.35009765625,652.7100219726562,76.63999938964844,941.5800170898438,84.45999908447266,487.92010498046875,164.02749633789062,341.347900390625,91.05500030517578,190.17010498046875,237.33999633789062,167.42999267578125,90.7605972290039,193.6699981689453,111.6084976196289,116.19999694824219,121.41500091552734,137.9199981689453,185.1199951171875,58.6150016784668,178.00999450683594,799.6599731445312,438.375,186.8300018310547,86.55999755859375,168.4250030517578,520.2349853515625,303.635009765625,160.11000061035156,197.80999755859375,129.38999938964844,437.2699890136719,256.0299987792969,186.9600067138672,220.88499450683594,480.385009765625,28.604999542236328,211.91000366210938,198.2899932861328,73.80999755859375,227.60499572753906
2026-01-07 16:56:00+00:00,262.1199951171875,138.97500610351562,341.45001220703125,289.2300109863281,261.1700134277344,295.3500061035156,114.2699966430664,425.2699890136719,293.4849853515625,210.62010192871094,341.42498779296875,244.0637969970703,634.5902099609375,115.86000061035156,1230.699951171875,349.5400085449219,,95.7249984741211,5455.0,48.93000030517578,85.31500244140625,322.55999755859375,343.614990234375,210.25,27.71500015258789,889.4299926757812,38.21149826049805,481.3999938964844,74.5,64.63999938964844,35.29499816894531,188.27999877929688,84.125,231.1699981689453,144.2899932861328,70.17009735107422,204.36000061035156,43.28459930419922,141.88999938964844,40.54999923706055,67.79100036621094,80.375,86.4000015258789,123.55000305175781,320.0400085449219,319.6000061035156,201.78500366210938,720.219970703125,175.5800018310547,43.375,653.6500244140625,602.1900024414062,27.239999771118164,23.140100479125977,,434.67999267578125,202.0500030517578,321.32000732421875,72.80500030517578,51.810001373291016,2175.1298828125,652.6699829101562,76.63999938964844,943.1199951171875,84.54000091552734,487.94000244140625,163.97999572753906,341.5212097167969,91.18499755859375,190.27000427246094,237.10499572753906,,90.83000183105469,193.75,111.5199966430664,116.20999908447266,121.43000030517578,137.8699951171875,185.14500427246094,58.595401763916016,178.19000244140625,799.6900024414062,438.1700134277344,186.85000610351562,86.59500122070312,168.5,520.4600219726562,303.5899963378906,,197.94000244140625,129.32000732421875,437.2099914550781,,186.99000549316406,,480.3601989746094,28.600099563598633,211.92019653320312,198.5399932861328,73.80999755859375,227.47000122070312
2026-01-07 16:57:00+00:00,262.159912109375,138.96499633789062,341.7799987792969,289.25,261.07000732421875,295.3800048828125,114.29750061035156,426.0,293.7200012207031,210.66000366210938,341.3299865722656,244.14500427246094,634.860107421875,115.8904037475586,1230.300048828125,349.57598876953125,,95.625,5454.72021484375,48.93000030517578,85.31999969482422,322.8550109863281,343.6099853515625,210.3000030517578,27.704999923706055,889.489990234375,38.23500061035156,481.7900085449219,74.52999877929688,64.52999877929688,35.30500030517578,188.25,84.125,231.16000366210938,144.3300018310547,70.19999694824219,,43.275001525878906,141.8300018310547,40.56999969482422,67.79499816894531,80.38999938964844,86.38500213623047,123.58000183105469,320.15020751953125,319.7200012207031,201.77499389648438,,175.5800018310547,43.41999816894531,653.989990234375,602.5599975585938,27.235000610351562,23.145000457763672,,434.7127990722656,202.0399932861328,321.489990234375,72.8499984741211,51.80500030517578,2178.85009765625,652.5999755859375,76.61000061035156,943.9299926757812,84.53500366210938,487.7149963378906,164.05999755859375,341.75,91.2249984741211,190.30999755859375,237.27000427246094,,90.82499694824219,193.875,111.53500366210938,116.2699966430664,121.4000015258789,137.875,184.97999572753906,58.60499954223633,178.1999969482422,,438.30999755859375,186.97500610351562,86.58000183105469,168.66000366210938,520.2899780273438,303.9849853515625,159.99000549316406,197.8800048828125,129.36000061035156,437.45159912109375,256.0199890136719,187.05999755859375,220.77000427246094,480.4150085449219,28.604999542236328,212.0399932861328,198.64999389648438,73.81999969482422,227.30999755859375
2026-01-07 16:58:00+00:00,262.05999755859375,138.8800048828125,341.70001220703125,,261.05999755859375,295.260009765625,114.30999755859375,425.6000061035156,293.7099914550781,210.64999389648438,341.2699890136719,243.97000122070312,635.8300170898438,115.91500091552734,1230.699951171875,349.44000244140625,622.8099975585938,95.61499786376953,5451.490234375,48.97999954223633,85.31999969482422,322.864990234375,343.79998779296875,210.4949951171875,27.71500015258789,889.489990234375,38.21500015258789,481.9800109863281,74.52989959716797,64.62999725341797,35.31999969482422,188.2100067138672,84.08999633789062,231.14999389648438,144.47000122070312,70.0999984741211,204.35400390625,43.2599983215332,141.75,40.57500076293945,67.80999755859375,80.47000122070312,86.3822021484375,123.66500091552734,320.6000061035156,320.19000244140625,201.64500427246094,720.1900024414062,175.5500030517578,43.415000915527344,653.8250122070312,602.2974853515625,27.235000610351562,23.145000457763672,1363.9949951171875,434.9599914550781,202.0800018310547,321.3299865722656,72.82499694824219,51.78010177612305,2177.79541015625,652.4500122070312,76.56999969482422,941.780029296875,84.48500061035156,487.82000732421875,164.02000427246094,341.8399963378906,91.18499755859375,190.27499389648438,237.35000610351562,167.5399932861328,90.79000091552734,193.85000610351562,111.4800033569336,116.25,121.40499877929688,137.91000366210938,184.85459899902344,58.625,178.25999450683594,800.6900024414062,438.0,187.06500244140625,86.58999633789062,168.52000427246094,520.1799926757812,303.8399963378906,160.08749389648438,197.74009704589844,,437.18499755859375,,186.92999267578125,220.75999450683594,,28.645000457763672,211.8000030517578,198.49000549316406,73.80000305175781,227.08999633789062
2026-01-07 16:59:00+00:00,262.17999267578125,138.92999267578125,341.55010986328125,289.3999938964844,261.07000732421875,295.385009765625,114.32749938964844,,293.7349853515625,210.63999938964844,341.3550109863281,244.10000610351562,635.3956298828125,115.91999816894531,1230.324951171875,348.7699890136719,622.6199951171875,95.625,5453.10009765625,48.98500061035156,85.30999755859375,322.614990234375,343.54998779296875,210.78500366210938,27.71540069580078,889.0999755859375,38.21500015258789,482.1449890136719,74.54000091552734,64.78500366210938,35.29999923706055,188.13999938964844,84.12000274658203,230.8800048828125,144.47999572753906,70.16999816894531,204.35000610351562,43.2599983215332,141.77000427246094,40.59000015258789,67.86000061035156,80.48999786376953,86.36499786376953,123.72000122070312,320.6600036621094,320.239990234375,201.67999267578125,,175.47999572753906,43.415000915527344,654.3400268554688,602.155029296875,27.2450008392334,23.14859962463379,1364.0350341796875,434.9649963378906,201.94000244140625,321.4909973144531,72.87000274658203,51.78020095825195,2178.47998046875,652.7949829101562,76.61000061035156,943.2050170898438,84.49199676513672,487.8800048828125,164.0500030517578,341.5150146484375,91.1449966430664,190.16000366210938,237.35000610351562,167.61000061035156,90.83000183105469,194.0,111.5199966430664,116.26010131835938,121.44999694824219,137.89999389648438,184.8350067138672,58.6349983215332,178.3350067138672,799.6849975585938,437.7699890136719,187.0500030517578,86.54000091552734,168.6645050048828,519.4299926757812,303.3999938964844,160.42999267578125,197.8300018310547,,437.2300109863281,,187.1199951171875,220.66000366210938,480.3299865722656,28.655000686645508,211.81500244140625,198.27999877929688,73.79000091552734,227.0800018310547
2026-01-07 17:00:00+00:00,262.29998779296875,139.15499877929688,341.7149963378906,289.45001220703125,261.1700134277344,295.5,114.33999633789062,425.9100036621094,293.7850036621094,210.50999450683594,341.9100036621094,244.16000366210938,635.239990234375,115.91999816894531,1230.5050048828125,348.5350036621094,621.780029296875,95.63189697265625,5454.72998046875,48.95000076293945,85.36000061035156,322.9830017089844,343.0199890136719,211.0050048828125,27.7549991607666,889.3300170898438,38.23500061035156,482.1130065917969,74.63500213623047,64.83999633789062,35.31999969482422,188.19500732421875,84.16999816894531,231.05999755859375,144.40499877929688,70.15499877929688,204.36000061035156,43.28990173339844,141.7899932861328,40.60499954223633,67.8499984741211,80.5,86.41500091552734,123.86009979248047,320.5899963378906,320.18121337890625,201.72000122070312,721.2000122070312,175.5,43.403499603271484,654.7249755859375,602.9550170898438,27.260000228881836,23.145000457763672,1364.030029296875,435.239990234375,201.97999572753906,321.6600036621094,72.88999938964844,51.83000183105469,2178.469970703125,652.7999877929688,76.61000061035156,942.3200073242188,84.4800033569336,488.0249938964844,164.1649932861328,341.0799865722656,91.19499969482422,190.1999969482422,237.50999450683594,,90.83000183105469,194.0,111.56500244140625,116.3499984741211,121.45999908447266,137.9600067138672,184.6999969482422,58.66999816894531,178.40980529785156,,437.8999938964844,187.1699981689453,86.52999877929688,168.67999267578125,519.875,303.82000732421875,160.49000549316406,197.99000549316406,129.42999267578125,436.7699890136719,256.2099914550781,187.19000244140625,220.86000061035156,480.5899963378906,28.674999237060547,211.94000244140625,198.4550018310547,73.80000305175781,226.91000366210938
2026-01-07 17:01:00+00:00,262.4700012207031,139.1199951171875,341.8699035644531,289.4700012207031,261.30499267578125,,114.41000366210938,426.9800109863281,293.75,210.55999755859375,341.8340148925781,244.02000427246094,635.0399780273438,115.87999725341797,1230.110107421875,348.0032043457031,621.1849975585938,95.62999725341797,5455.0498046875,48.93000030517578,85.38500213623047,322.8349914550781,342.95001220703125,211.0749969482422,27.764999389648438,889.510009765625,38.2599983215332,482.0350036621094,74.62000274658203,64.76000213623047,35.313201904296875,188.2050018310547,84.16000366210938,231.27999877929688,144.4600067138672,70.18000030517578,,43.310001373291016,141.88999938964844,40.60499954223633,67.83999633789062,80.5199966430664,86.5199966430664,123.83999633789062,320.4800109863281,320.05999755859375,201.73500061035156,,175.89999389648438,43.3849983215332,654.7349853515625,602.8800048828125,27.28499984741211,23.174999237060547,1363.824951171875,435.2799987792969,201.9199981689453,321.67999267578125,72.87999725341797,51.855098724365234,2178.52490234375,653.3900146484375,76.63999938964844,942.260009765625,84.47010040283203,487.8699951171875,164.10000610351562,340.6199951171875,91.1500015258789,190.0449981689453,,167.82000732421875,90.88999938964844,193.92999267578125,111.62000274658203,116.41000366210938,121.5,138.11500549316406,184.82000732421875,58.665000915527344,178.3679962158203,800.7650146484375,437.6499938964844,187.18499755859375,86.52100372314453,168.6199951171875,520.60498046875,303.4549865722656,160.49000549316406,198.00999450683594,129.4499969482422,437.1449890136719,,187.19000244140625,221.01499938964844,480.4150085449219,28.68000030517578,211.6199951171875,198.3000030517578,73.83000183105469,226.90499877929688
2026-01-07 17:02:00+00:00,262.44000244140625,139.05499267578125,342.19000244140625,289.4700012207031,261.3500061035156,295.5150146484375,114.41999816894531,426.9100036621094,294.1098937988281,210.3800048828125,341.8599853515625,243.94000244140625,636.239990234375,115.87999725341797,1229.760009765625,348.1300048828125,621.6799926757812,95.58000183105469,,48.93000030517578,85.33000183105469,322.8500061035156,343.4200134277344,210.92250061035156,27.764999389648438,889.3300170898438,38.255001068115234,482.2300109863281,74.57499694824219,64.93499755859375,35.342498779296875,188.33999633789062,84.17500305175781,231.3300018310547,144.53500366210938,70.18000030517578,204.3699951171875,43.310001373291016,141.86000061035156,40.6349983215332,67.86000061035156,80.44000244140625,86.5250015258789,123.77999877929688,320.7149963378906,320.2716064453125,201.83999633789062,722.5349731445312,175.9550018310547,43.375,655.2150268554688,602.9550170898438,27.274999618530273,23.173900604248047,1363.6600341796875,435.2799987792969,201.97250366210938,321.75,72.87999725341797,51.84389877319336,2177.85009765625,653.280517578125,76.6500015258789,936.739990234375,84.4000015258789,487.7799987792969,163.97000122070312,340.54998779296875,91.18499755859375,190.0,237.36000061035156,167.9163055419922,90.91000366210938,194.07000732421875,111.6500015258789,116.5250015258789,121.48999786376953,138.0449981689453,184.85009765625,58.68000030517578,178.36000061035156,800.9249877929688,437.94500732421875,187.18499755859375,86.5250015258789,168.52000427246094,520.780029296875,303.6300048828125,160.53500366210938,198.02499389648438,129.44500732421875,436.7300109863281,,187.14999389648438,,480.010009765625,28.684999465942383,211.6999969482422,198.24000549316406,73.81500244140625,227.11000061035156
2026-01-07 17:03:00+00:00,262.3500061035156,138.9499969482422,342.0849914550781,289.239990234375,261.30999755859375,295.6099853515625,114.4000015258789,426.54998779296875,293.8800048828125,210.39999389648438,341.9599914550781,243.82000732421875,636.8800048828125,115.77040100097656,1230.092041015625,348.2900085449219,621.4099731445312,95.58000183105469,,48.959999084472656,,323.07501220703125,343.5799865722656,210.82000732421875,27.719999313354492,889.4199829101562,38.26499938964844,482.3999938964844,74.6050033569336,64.9000015258789,35.349998474121094,188.36000061035156,,231.08999633789062,144.77499389648438,70.11499786376953,204.3699951171875,43.29999923706055,142.0500030517578,40.64500045776367,67.8499984741211,80.40499877929688,86.5,123.79000091552734,320.510009765625,320.07000732421875,201.83999633789062,722.5349731445312,,43.32500076293945,655.2349853515625,603.0700073242188,27.280000686645508,23.165000915527344,1363.4749755859375,435.2850036621094,202.0500030517578,321.6400146484375,72.78250122070312,51.845001220703125,2178.52490234375,653.2994995117188,76.6500015258789,938.1099853515625,84.33000183105469,487.739990234375,164.0,340.9005126953125,91.18000030517578,190.26499938964844,237.39500427246094,167.84249877929688,90.88999938964844,194.22999572753906,111.62999725341797,,121.4749984741211,138.0800018310547,185.0299072265625,58.72930145263672,178.27999877929688,800.8250122070312,438.30999755859375,187.1300048828125,86.53500366210938,168.67999267578125,520.8250122070312,303.6199951171875,160.8249969482422,198.02999877929688,,436.8797912597656,,187.22000122070312,220.92999267578125,479.93499755859375,28.71500015258789,211.5399932861328,198.4149932861328,73.81999969482422,226.99000549316406
2026-01-07 17:04:00+00:00,262.406494140625,138.9499969482422,342.0799865722656,289.20001220703125,261.30010986328125,295.7650146484375,114.44499969482422,426.4700012207031,294.010009765625,210.35000610351562,341.9200134277344,243.7550048828125,637.2899780273438,115.72000122070312,1230.81494140625,348.375,621.4249877929688,95.58000183105469,5450.0,48.959999084472656,85.31999969482422,323.25799560546875,343.6846008300781,210.77999877929688,27.704999923706055,889.3900146484375,38.27000045776367,482.25,74.61509704589844,64.81500244140625,35.3849983215332,188.4199981689453,84.18000030517578,230.85499572753906,144.86000061035156,70.16000366210938,204.36500549316406,43.30500030517578,142.02000427246094,40.64500045776367,67.87999725341797,80.45500183105469,86.5,123.72000122070312,320.55999755859375,320.1499938964844,,721.875,,43.334999084472656,655.4249877929688,602.4149780273438,27.28499984741211,23.165000915527344,1364.324951171875,435.5299987792969,202.07000732421875,321.69000244140625,72.81999969482422,51.845001220703125,2178.52490234375,653.094970703125,76.68499755859375,939.9949951171875,84.3550033569336,487.8750915527344,163.97500610351562,341.0299987792969,91.10430145263672,190.2917938232422,,167.75,90.88999938964844,194.1768035888672,111.62000274658203,116.5199966430664,121.3949966430664,138.10000610351562,184.95989990234375,58.73500061035156,178.25999450683594,801.97998046875,438.2349853515625,187.125,86.5562973022461,168.8699951171875,520.7000122070312,303.25,160.8249969482422,198.10000610351562,129.5500030517578,436.7099914550781,256.30999755859375,187.22000122070312,,480.2170104980469,28.704999923706055,211.64500427246094,198.1645965576172,73.83000183105469,226.94000244140625
2026-01-07 17:05:00+00:00,262.3999938964844,139.09500122070312,342.1600036621094,289.2200012207031,261.3900146484375,295.8800048828125,114.41000366210938,426.4200134277344,293.9599914550781,210.3300018310547,341.79998779296875,243.9199981689453,637.5250244140625,115.76000213623047,1230.8800048828125,348.3900146484375,621.4249877929688,95.54000091552734,5450.0,48.91999816894531,85.31999969482422,323.489990234375,343.6700134277344,210.86000061035156,27.704999923706055,889.1950073242188,38.2599983215332,482.4150085449219,74.61499786376953,64.88500213623047,35.38999938964844,188.4199981689453,84.16999816894531,230.77000427246094,144.9499969482422,70.2300033569336,,43.29499816894531,142.13999938964844,40.64500045776367,67.87000274658203,80.51000213623047,86.58000183105469,123.62169647216797,320.55999755859375,320.19000244140625,201.85499572753906,722.1099853515625,175.8000030517578,43.310001373291016,655.3900146484375,602.4149780273438,27.28499984741211,23.165000915527344,1364.3199462890625,435.3999938964844,202.1300048828125,321.79998779296875,72.83000183105469,51.845001220703125,2177.489990234375,653.2999877929688,76.66999816894531,944.4349975585938,84.29750061035156,488.1199951171875,163.61500549316406,341.1000061035156,91.09500122070312,190.44500732421875,237.40499877929688,167.6750030517578,90.875,194.27999877929688,111.63500213623047,116.5999984741211,121.38999938964844,138.05999755859375,185.08990478515625,58.814998626708984,178.26499938964844,801.375,438.197509765625,187.125,86.55000305175781,169.0749969482422,521.4031982421875,303.70001220703125,160.83250427246094,198.10000610351562,129.5800018310547,436.93499755859375,256.32000732421875,187.22999572753906,221.0500030517578,479.7650146484375,28.70400047302246,211.63999938964844,198.5399932861328,73.76499938964844,227.40179443359375
2026-01-07 17:06:00+00:00,262.4079895019531,139.16000366210938,342.2850036621094,288.9200134277344,261.44989013671875,295.9800109863281,114.44999694824219,426.45001220703125,293.8544921875,210.20989990234375,341.7145080566406,244.0800018310547,638.1099853515625,115.83999633789062,1230.5,348.7428894042969,621.2999877929688,95.51000213623047,5453.15478515625,48.90999984741211,85.30999755859375,323.44000244140625,343.75,210.41000366210938,27.674999237060547,889.3400268554688,38.244998931884766,483.1549987792969,74.60900115966797,64.87000274658203,35.3849983215332,188.41000366210938,84.12999725341797,230.96499633789062,145.01499938964844,70.23999786376953,204.36500549316406,43.314998626708984,142.13499450683594,40.650001525878906,,80.5999984741211,86.54499816894531,123.6449966430664,320.7699890136719,320.3500061035156,201.7050018310547,722.4500122070312,,43.346500396728516,655.4600219726562,603.0700073242188,27.28499984741211,23.165000915527344,1363.594970703125,435.4700012207031,201.97500610351562,321.80499267578125,72.72000122070312,51.82500076293945,2177.489990234375,653.510009765625,76.7300033569336,944.5599975585938,84.36000061035156,488.27099609375,163.6699981689453,340.9599914550781,91.09980010986328,190.375,237.3800048828125,167.58999633789062,90.9000015258789,194.7288055419922,111.5999984741211,116.44000244140625,121.41999816894531,138.13999938964844,185.3000030517578,58.790000915527344,178.30999755859375,801.1099853515625,438.30999755859375,187.0,86.58000183105469,168.92999267578125,521.7052001953125,303.715087890625,160.9600067138672,198.16000366210938,129.60499572753906,436.8599853515625,256.4599914550781,187.0500030517578,221.02499389648438,479.8299865722656,28.716899871826172,211.85000610351562,198.2899932861328,73.77999877929688,227.77000427246094
2026-01-07 17:07:00+00:00,262.45001220703125,139.22000122070312,342.5,289.0,261.3399963378906,296.1400146484375,114.44000244140625,426.3699951171875,293.6199951171875,210.1699981689453,341.94500732421875,244.14999389648438,637.2100219726562,115.63999938964844,1230.27001953125,348.5450134277344,,95.5,5450.0,48.90999984741211,85.33000183105469,323.55999755859375,343.57000732421875,210.5449981689453,27.679899215698242,889.8900146484375,38.244998931884766,483.7799987792969,74.57499694824219,64.88999938964844,35.3849983215332,188.35000610351562,84.1500015258789,231.0800018310547,144.78500366210938,70.25,,43.31999969482422,142.10499572753906,40.654998779296875,67.88999938964844,80.68000030517578,86.54499816894531,123.69999694824219,320.70001220703125,320.2250061035156,201.48500061035156,722.9299926757812,175.80999755859375,43.21200180053711,655.8300170898438,603.0050048828125,27.28499984741211,23.165000915527344,1362.0,435.45001220703125,201.6999969482422,321.69000244140625,72.73999786376953,51.845001220703125,2178.915283203125,653.6199951171875,76.79000091552734,948.219970703125,84.31999969482422,488.614990234375,163.61000061035156,340.7300109863281,91.1355972290039,190.39999389648438,237.3800048828125,167.85499572753906,90.93499755859375,194.73330688476562,111.66000366210938,116.5199966430664,121.40499877929688,138.15499877929688,185.625,58.82500076293945,178.3800048828125,801.6699829101562,438.7749938964844,187.05999755859375,86.72000122070312,169.01499938964844,521.8699951171875,303.77099609375,160.95249938964844,198.11000061035156,129.4949951171875,437.3599853515625,,187.1699981689453,221.0500030517578,480.32000732421875,28.709999084472656,211.8699951171875,198.47500610351562,73.7699966430664,228.0050048828125
2026-01-07 17:08:00+00:00,262.4949951171875,139.22439575195312,342.7049865722656,288.9599914550781,261.510009765625,296.1650085449219,114.45999908447266,426.3699951171875,293.45001220703125,210.19000244140625,341.9150085449219,244.18519592285156,637.7000122070312,115.68499755859375,1229.5999755859375,348.67999267578125,621.0700073242188,95.45500183105469,5450.43017578125,48.970001220703125,85.31999969482422,323.8999938964844,343.5975036621094,210.5500030517578,27.690000534057617,889.4099731445312,38.23500061035156,483.54998779296875,74.56990051269531,64.93499755859375,35.39500045776367,188.50990295410156,84.23999786376953,231.5800018310547,144.9600067138672,70.24839782714844,,43.31999969482422,142.22000122070312,40.654998779296875,67.87999725341797,80.68000030517578,86.55000305175781,123.66999816894531,320.6700134277344,320.239990234375,201.2899932861328,721.780029296875,175.7899932861328,43.19499969482422,655.4268188476562,602.8250122070312,27.280000686645508,23.174999237060547,1361.6600341796875,435.5899963378906,201.86000061035156,321.69500732421875,72.7300033569336,51.845001220703125,2178.52001953125,653.4550170898438,76.7699966430664,949.6799926757812,84.3550033569336,488.4399108886719,164.09500122070312,340.5199890136719,91.0999984741211,190.38499450683594,237.19000244140625,167.94000244140625,90.99500274658203,194.83250427246094,111.68000030517578,,121.4000015258789,138.1199951171875,186.1999053955078,58.834999084472656,178.22999572753906,800.385009765625,,187.10000610351562,86.63999938964844,169.00999450683594,522.6500244140625,303.69000244140625,161.0399932861328,198.08309936523438,129.52999877929688,437.5201110839844,256.44500732421875,187.1199951171875,221.0800018310547,480.375,28.70009994506836,211.97500610351562,198.44000244140625,73.81500244140625,228.1699981689453
2026-01-07 17:09:00+00:00,262.4100036621094,139.1699981689453,342.34991455078125,288.8500061035156,261.42498779296875,296.0199890136719,114.33000183105469,425.94000244140625,293.5150146484375,210.1999969482422,342.1000061035156,244.11700439453125,637.2100219726562,115.6675033569336,1229.9949951171875,348.4200134277344,620.875,95.47000122070312,5450.0,48.935001373291016,85.31999969482422,323.82000732421875,343.6000061035156,210.68499755859375,27.700000762939453,889.3599853515625,38.224998474121094,483.6700134277344,74.5250015258789,64.98500061035156,35.3827018737793,188.39999389648438,84.21499633789062,231.5399932861328,145.11000061035156,70.2699966430664,204.3699951171875,43.290000915527344,142.1649932861328,40.64500045776367,67.88600158691406,80.76000213623047,86.55000305175781,123.7300033569336,320.760009765625,320.3299865722656,201.18499755859375,722.4849853515625,175.97500610351562,43.31999969482422,654.4400024414062,602.9849853515625,27.2549991607666,23.174999237060547,1361.5799560546875,435.2900085449219,201.85000610351562,321.385009765625,72.7699966430664,51.82500076293945,2178.52001953125,653.260009765625,76.75,950.0599975585938,84.38999938964844,488.3999938964844,164.1699981689453,340.8800048828125,91.09500122070312,190.30999755859375,236.97500610351562,167.7899932861328,90.99500274658203,194.7429962158203,111.66500091552734,116.5199966430664,121.37000274658203,138.13999938964844,186.4499969482422,58.834999084472656,178.22000122070312,800.3200073242188,,187.11500549316406,86.61000061035156,168.97000122070312,522.5349731445312,303.5950012207031,160.97000122070312,198.1300048828125,129.4199981689453,437.31500244140625,256.5,187.1199951171875,221.11000061035156,480.489990234375,28.70159912109375,211.9949951171875,198.36000061035156,73.77999877929688,228.0800018310547
2026-01-07 17:10:00+00:00,262.4100036621094,139.0749969482422,341.9100036621094,288.79998779296875,261.42498779296875,295.9599914550781,114.33719635009766,425.5899963378906,293.3299865722656,210.14999389648438,341.489990234375,244.00999450683594,636.6939697265625,115.63999938964844,1229.6300048828125,348.5249938964844,620.4500122070312,95.3499984741211,,48.91999816894531,85.31999969482422,323.5899963378906,343.3919982910156,210.5,27.700000762939453,888.469970703125,38.20500183105469,483.8599853515625,74.5,65.13999938964844,35.400001525878906,188.375,84.19000244140625,231.49000549316406,145.27499389648438,70.28500366210938,,43.310001373291016,141.875,40.6150016784668,67.90499877929688,80.7300033569336,86.49500274658203,123.68499755859375,321.1499938964844,320.69000244140625,201.1699981689453,723.29541015625,176.1199951171875,43.2400016784668,654.6199951171875,603.1900024414062,27.25,23.165000915527344,1361.574951171875,435.1300048828125,201.5800018310547,321.3599853515625,72.71499633789062,51.834999084472656,2177.3798828125,653.125,76.72000122070312,951.4000244140625,84.4000015258789,488.6700134277344,164.0876007080078,340.43499755859375,91.08499908447266,190.28509521484375,236.9600067138672,167.77999877929688,90.95999908447266,194.76499938964844,111.66500091552734,116.4800033569336,121.30000305175781,138.14280700683594,186.1999969482422,58.81999969482422,178.14999389648438,800.3200073242188,438.8399963378906,187.08999633789062,86.61499786376953,169.01499938964844,521.9650268554688,302.6300048828125,160.94500732421875,198.1300048828125,129.4499969482422,436.94000244140625,256.4800109863281,187.125,220.93499755859375,480.4599914550781,28.704999923706055,211.8300018310547,198.26510620117188,73.75499725341797,228.3699951171875
2026-01-07 17:11:00+00:00,262.32000732421875,139.1300048828125,341.6600036621094,288.69000244140625,261.3605041503906,295.9949951171875,114.3550033569336,426.1300048828125,293.2099914550781,210.2050018310547,341.8299865722656,244.02000427246094,636.375,115.63500213623047,1229.4849853515625,348.4200134277344,620.52001953125,95.33000183105469,,48.90999984741211,,323.5199890136719,342.989990234375,210.5850067138672,27.700199127197266,888.0001220703125,38.224998474121094,483.4200134277344,74.5198974609375,65.0999984741211,35.415000915527344,188.44000244140625,84.16010284423828,231.4550018310547,145.22000122070312,70.26499938964844,,43.310001373291016,141.80999755859375,40.61000061035156,67.91999816894531,80.66000366210938,86.45999908447266,123.70999908447266,321.3999938964844,320.94500732421875,201.18499755859375,723.6699829101562,,43.2151985168457,654.3400268554688,603.1799926757812,27.235000610351562,23.155000686645508,1361.7049560546875,435.3299865722656,201.71499633789062,321.3500061035156,72.61000061035156,51.810001373291016,2174.8701171875,653.0302124023438,76.70999908447266,950.385009765625,84.45339965820312,488.54998779296875,164.1840057373047,340.70001220703125,91.05000305175781,190.19509887695312,236.75999450683594,167.8000030517578,90.95999908447266,194.5850067138672,111.63999938964844,116.44999694824219,121.19999694824219,138.00999450683594,186.16200256347656,58.779998779296875,178.02000427246094,800.0250244140625,438.54998779296875,187.14500427246094,86.63800048828125,168.9199981689453,521.6500244140625,302.510009765625,160.77000427246094,198.00689697265625,129.39999389648438,436.92999267578125,,186.94500732421875,220.97999572753906,480.17999267578125,28.700000762939453,211.82000732421875,198.36500549316406,73.75,228.22999572753906
2026-01-07 17:12:00+00:00,262.3299865722656,139.16000366210938,341.5455017089844,288.54998779296875,261.2200012207031,295.8599853515625,114.33999633789062,425.7749938964844,293.3349914550781,210.17250061035156,341.92999267578125,244.0399932861328,636.280029296875,115.62999725341797,1228.7249755859375,348.3349914550781,,95.33999633789062,5456.75,48.849998474121094,85.22000122070312,323.6199951171875,343.5589904785156,210.33999633789062,27.690000534057617,887.9600219726562,38.224998474121094,483.20001220703125,74.55500030517578,65.04000091552734,35.404998779296875,188.43499755859375,84.12999725341797,231.5,145.11000061035156,70.22000122070312,,43.30500030517578,141.72000122070312,40.6150016784668,67.87000274658203,80.69999694824219,86.45999908447266,123.72000122070312,321.3900146484375,320.9599914550781,201.1199951171875,723.7008056640625,175.97000122070312,43.07270050048828,655.10498046875,602.8699951171875,27.229999542236328,23.145000457763672,1361.780029296875,435.2099914550781,201.8300018310547,321.3800048828125,72.5999984741211,51.7599983215332,2176.0,653.1500244140625,76.66500091552734,951.5399780273438,84.41000366210938,488.4599914550781,164.1699981689453,340.84991455078125,91.08499908447266,190.25,236.9199981689453,,90.98999786376953,194.69000244140625,111.57779693603516,116.44000244140625,121.22000122070312,137.993896484375,186.1999969482422,58.755001068115234,178.10000610351562,800.1300048828125,438.44500732421875,187.16000366210938,86.6500015258789,168.8350067138672,521.969970703125,302.7950134277344,160.58999633789062,,,436.7359924316406,,187.0050048828125,,480.20001220703125,28.704999923706055,211.75999450683594,198.60000610351562,73.7300033569336,228.38929748535156
2026-01-07 17:13:00+00:00,262.2799987792969,139.08999633789062,341.80999755859375,288.4200134277344,261.1499938964844,295.82501220703125,114.29000091552734,425.5299987792969,293.19500732421875,210.0800018310547,341.4800109863281,244.22999572753906,636.260009765625,115.62999725341797,1228.22998046875,348.2650146484375,619.8800048828125,95.3499984741211,5457.705078125,48.849998474121094,85.20999908447266,323.6300048828125,343.1400146484375,210.5500030517578,27.70009994506836,887.989990234375,38.25,482.9049987792969,74.53500366210938,65.05000305175781,35.415000915527344,188.46499633789062,84.12999725341797,231.4600067138672,145.1699981689453,,,43.290000915527344,141.61500549316406,40.612701416015625,67.83999633789062,80.69999694824219,86.47000122070312,123.7300033569336,321.1600036621094,320.69000244140625,201.13999938964844,723.3800048828125,175.6750030517578,43.09550094604492,654.7999877929688,603.0,,23.145000457763672,1361.489990234375,435.3800048828125,201.7100067138672,321.42999267578125,72.58000183105469,51.7400016784668,2177.101318359375,653.0601196289062,76.71499633789062,949.719970703125,84.3499984741211,488.2799987792969,164.24000549316406,340.6199951171875,91.05000305175781,190.14010620117188,237.07989501953125,167.72000122070312,90.99929809570312,194.47000122070312,111.57499694824219,116.4749984741211,121.16999816894531,138.05999755859375,186.1199951171875,58.744598388671875,178.0301055908203,800.02001953125,438.6300048828125,187.16000366210938,86.62300109863281,168.66000366210938,521.5349731445312,302.8550109863281,160.60000610351562,198.19500732421875,129.39500427246094,436.57000732421875,256.510009765625,187.01499938964844,221.0308074951172,480.44000244140625,28.709999084472656,211.8000030517578,198.6208953857422,73.72000122070312,228.2449951171875
2026-01-07 17:14:00+00:00,262.3399963378906,138.9550018310547,341.20001220703125,288.30999755859375,261.239990234375,295.5899963378906,114.30000305175781,425.989990234375,293.3900146484375,210.02999877929688,341.75,244.28500366210938,636.5449829101562,115.62999725341797,1228.4599609375,348.3800048828125,619.4550170898438,95.38999938964844,5457.93017578125,48.83000183105469,85.2249984741211,323.45001220703125,343.19500732421875,210.6300048828125,27.684999465942383,887.8599853515625,38.23500061035156,483.19000244140625,74.53500366210938,64.9800033569336,35.404998779296875,188.35000610351562,84.12000274658203,231.49000549316406,145.08999633789062,70.19000244140625,204.36000061035156,43.28499984741211,141.55999755859375,40.595001220703125,67.83000183105469,80.62999725341797,86.41999816894531,123.68499755859375,321.5799865722656,321.1099853515625,201.11500549316406,723.8399047851562,175.69000244140625,43.064998626708984,654.3400268554688,602.2999877929688,27.23539924621582,23.145000457763672,1361.4599609375,435.3599853515625,201.80999755859375,321.4800109863281,72.57499694824219,51.744998931884766,2177.0,653.2399291992188,76.69999694824219,949.1649780273438,84.31999969482422,488.46319580078125,164.11000061035156,341.0,90.98500061035156,190.17999267578125,236.75,167.64999389648438,90.94000244140625,194.50999450683594,111.69000244140625,116.37000274658203,121.13999938964844,138.03500366210938,186.22500610351562,58.724998474121094,178.0399932861328,800.5,438.7300109863281,187.07000732421875,86.66500091552734,168.60000610351562,521.1950073242188,302.8949890136719,160.6699981689453,198.2100067138672,,436.6600036621094,256.6449890136719,186.93499755859375,221.02000427246094,480.6700134277344,28.739999771118164,211.61000061035156,198.66000366210938,73.69000244140625,228.26800537109375
2026-01-07 17:15:00+00:00,262.30999755859375,138.9250030517578,340.8900146484375,288.5799865722656,261.239990234375,295.5249938964844,114.36000061035156,426.04998779296875,293.5400085449219,209.88999938964844,341.5950012207031,244.08999633789062,636.3400268554688,115.61000061035156,1228.4599609375,348.1600036621094,620.3200073242188,95.375,,48.83000183105469,,323.3299865722656,,210.50999450683594,27.694400787353516,887.9099731445312,38.25,483.010009765625,74.62999725341797,64.91500091552734,35.404998779296875,188.35000610351562,84.12999725341797,231.4499969482422,145.14999389648438,70.18000030517578,204.35499572753906,43.310001373291016,141.44500732421875,40.584999084472656,67.80999755859375,80.5999984741211,86.41000366210938,123.63999938964844,321.5320129394531,321.04998779296875,200.7301025390625,723.7899780273438,,43.070098876953125,654.5800170898438,602.3400268554688,27.235000610351562,23.135000228881836,1361.3199462890625,435.25,201.8000030517578,321.29998779296875,72.61000061035156,51.744998931884766,2176.989990234375,653.2000122070312,76.73999786376953,947.0086059570312,84.31500244140625,488.5400085449219,164.02000427246094,340.864990234375,90.94000244140625,190.19000244140625,236.82000732421875,167.66000366210938,90.94000244140625,194.5399932861328,111.7300033569336,116.37000274658203,121.12000274658203,138.02499389648438,186.07000732421875,58.7400016784668,178.0500030517578,800.5150146484375,438.6050109863281,186.97500610351562,86.6050033569336,168.5500030517578,521.3098754882812,302.8900146484375,,198.1033935546875,129.41000366210938,436.77410888671875,,186.94500732421875,220.99000549316406,480.4599914550781,28.745399475097656,211.47000122070312,198.63999938964844,73.69000244140625,228.44000244140625
2026-01-07 17:16:00+00:00,262.2099914550781,138.97999572753906,340.8500061035156,288.4100036621094,261.3399963378906,295.6000061035156,114.37000274658203,426.0,293.6650085449219,210.0399932861328,341.7650146484375,244.11000061035156,636.3619995117188,115.55500030517578,1227.5899658203125,348.29998779296875,620.510009765625,95.37999725341797,5456.0,48.86000061035156,85.26000213623047,323.5899963378906,343.42999267578125,210.74000549316406,27.684600830078125,888.1500244140625,38.23500061035156,484.19000244140625,74.66500091552734,64.83999633789062,35.41999816894531,188.41600036621094,84.13999938964844,231.63519287109375,145.1649932861328,,204.3699951171875,,141.39999389648438,40.60499954223633,67.80000305175781,80.61499786376953,,123.69000244140625,321.6000061035156,321.05999755859375,200.66000366210938,723.760009765625,175.72000122070312,43.06999969482422,654.5800170898438,602.3800048828125,27.239999771118164,23.145000457763672,1361.235107421875,435.4700012207031,201.61000061035156,321.3900146484375,72.56999969482422,51.724998474121094,2176.409912109375,653.0499877929688,76.7300033569336,,84.23999786376953,488.75,164.10499572753906,340.5580139160156,90.92350006103516,190.15499877929688,236.7949981689453,167.5449981689453,90.94999694824219,194.64999389648438,111.73999786376953,116.38999938964844,121.08000183105469,137.99000549316406,186.47000122070312,58.73500061035156,177.94000244140625,800.5700073242188,438.6099853515625,187.00999450683594,86.68000030517578,168.57000732421875,521.1699829101562,302.69000244140625,160.7050018310547,198.1300048828125,129.41000366210938,436.7200012207031,256.2950134277344,186.91000366210938,221.05999755859375,480.7250061035156,28.736000061035156,211.52000427246094,198.61000061035156,73.69000244140625,228.74000549316406
2026-01-07 17:17:00+00:00,262.1700134277344,138.97000122070312,340.8999938964844,288.4599914550781,261.2300109863281,295.67498779296875,114.34989929199219,426.0899963378906,293.7250061035156,210.08999633789062,341.7449951171875,244.19000244140625,636.6300048828125,115.56999969482422,1227.9849853515625,348.1499938964844,620.219970703125,95.375,5456.0,48.86180114746094,85.26000213623047,323.67498779296875,343.25,210.7449951171875,27.684999465942383,888.7249755859375,38.23500061035156,483.989990234375,74.6500015258789,64.94999694824219,35.404998779296875,188.35499572753906,84.16999816894531,232.03500366210938,145.3000030517578,70.31999969482422,,43.314998626708984,141.33999633789062,40.625,,80.56999969482422,86.49500274658203,123.68000030517578,321.70001220703125,321.20001220703125,200.6750030517578,724.219970703125,175.61000061035156,42.92499923706055,655.6400146484375,601.5139770507812,27.229999542236328,23.145000457763672,1361.7099609375,435.3550109863281,201.8000030517578,321.5498962402344,72.62999725341797,51.70500183105469,2177.014892578125,653.1900024414062,76.70999908447266,951.2899780273438,84.2750015258789,488.4150085449219,164.13499450683594,341.0299987792969,91.0,190.16000366210938,236.9250030517578,,90.9000015258789,194.5800018310547,111.75499725341797,116.37999725341797,121.16999816894531,137.95010375976562,186.67999267578125,58.73460006713867,178.10000610351562,800.5700073242188,438.6600036621094,187.02499389648438,86.62999725341797,168.64999389648438,521.6300048828125,303.2909851074219,160.78799438476562,198.07000732421875,129.4199981689453,436.6099853515625,256.5899963378906,186.9199981689453,221.0800018310547,480.7300109863281,28.7450008392334,211.6649932861328,198.77999877929688,73.68000030517578,228.7899932861328
2026-01-07 17:18:00+00:00,262.0299987792969,138.9949951171875,340.8900146484375,288.677490234375,261.2749938964844,295.6000061035156,114.33999633789062,425.5849914550781,293.80999755859375,210.2949981689453,341.20001220703125,244.2899932861328,637.489990234375,115.56999969482422,1228.196533203125,348.1299133300781,618.7000122070312,95.31999969482422,5460.8701171875,48.849998474121094,85.26499938964844,323.94000244140625,343.79998779296875,210.75999450683594,27.684999465942383,888.75,38.23500061035156,484.20001220703125,74.54440307617188,65.04000091552734,35.41999816894531,188.41000366210938,84.12000274658203,232.1300048828125,145.25999450683594,70.38999938964844,204.36000061035156,43.314998626708984,141.22999572753906,40.625,67.83000183105469,80.62000274658203,86.5199966430664,123.6449966430664,321.7300109863281,321.2200012207031,200.64500427246094,723.61962890625,175.3249969482422,43.000099182128906,654.9199829101562,601.6799926757812,27.235000610351562,23.125,1361.6400146484375,435.30999755859375,202.1300048828125,321.260009765625,72.66000366210938,51.70500183105469,2177.014892578125,653.2999877929688,76.69000244140625,,84.30000305175781,488.2850036621094,164.19000244140625,341.25,90.99500274658203,190.1699981689453,,167.5800018310547,90.86000061035156,194.5749969482422,111.74500274658203,116.41999816894531,121.1500015258789,137.97000122070312,186.5749969482422,58.70000076293945,178.1699981689453,799.97998046875,438.75,187.0,86.61000061035156,168.58999633789062,521.7000122070312,303.8699951171875,160.9250030517578,198.1999969482422,,436.6650085449219,256.5299987792969,186.99000549316406,220.94000244140625,480.55999755859375,28.725000381469727,211.64999389648438,198.7899932861328,73.68000030517578,228.50999450683594
2026-01-07 17:19:00+00:00,262.1400146484375,139.0800018310547,340.8500061035156,288.8399963378906,261.2749938964844,295.6499938964844,114.33499908447266,425.4800109863281,293.8299865722656,210.49000549316406,341.1099853515625,244.4499969482422,637.068115234375,115.54000091552734,1228.1099853515625,348.0,618.3300170898438,95.28500366210938,5457.2900390625,48.849998474121094,85.26499938964844,323.70001220703125,343.75,210.75999450683594,27.684999465942383,888.510009765625,38.26499938964844,484.20001220703125,74.52020263671875,65.03500366210938,35.47999954223633,188.35459899902344,84.1449966430664,232.22999572753906,145.30999755859375,70.3550033569336,,43.30500030517578,141.24000549316406,40.6349983215332,67.83999633789062,80.63999938964844,86.51499938964844,123.63999938964844,321.7583923339844,321.239990234375,200.6999969482422,723.9600219726562,175.3699951171875,43.064998626708984,654.9299926757812,601.4199829101562,27.235000610351562,23.125,1361.5250244140625,435.5400085449219,201.89999389648438,,72.66999816894531,51.69499969482422,2175.340087890625,653.4199829101562,76.68000030517578,947.260009765625,84.2699966430664,488.510009765625,164.27499389648438,340.9949951171875,91.0250015258789,190.16270446777344,237.23500061035156,167.77999877929688,90.92500305175781,194.6300048828125,111.76000213623047,116.44000244140625,121.11000061035156,137.97999572753906,186.66000366210938,58.743499755859375,178.2550048828125,800.0599975585938,438.67999267578125,186.9949951171875,86.62999725341797,168.69500732421875,521.2949829101562,304.1000061035156,160.9949951171875,198.17999267578125,129.38999938964844,437.0299987792969,,186.9600067138672,,480.3949890136719,28.725000381469727,211.7449951171875,198.58999633789062,73.68000030517578,228.4600067138672
2026-01-07 17:20:00+00:00,262.3399963378906,139.22000122070312,340.8800048828125,288.989990234375,261.2414855957031,,114.3499984741211,424.6824951171875,293.6099853515625,210.5301055908203,341.0249938964844,244.31619262695312,636.8305053710938,115.54000091552734,1226.6500244140625,347.8399963378906,618.282470703125,95.26000213623047,5458.4599609375,48.86000061035156,85.26499938964844,323.6400146484375,343.6300048828125,210.35000610351562,27.69499969482422,888.7100219726562,38.275001525878906,483.82501220703125,74.5250015258789,64.99500274658203,35.46500015258789,188.52000427246094,84.12999725341797,232.33999633789062,145.32000732421875,70.3949966430664,204.3699951171875,43.310001373291016,141.2550048828125,40.65999984741211,67.83000183105469,80.63999938964844,86.5199966430664,123.66999816894531,321.83050537109375,321.32989501953125,200.69000244140625,723.8699951171875,175.5749969482422,43.04999923706055,654.344970703125,601.4099731445312,27.23390007019043,23.1299991607666,1360.5999755859375,435.43829345703125,201.80999755859375,321.3399963378906,72.64510345458984,51.69499969482422,2178.47998046875,653.10498046875,76.70999908447266,947.4849853515625,84.27999877929688,488.5199890136719,164.10000610351562,341.2749938964844,91.03500366210938,190.11000061035156,237.17999267578125,167.75999450683594,90.92510223388672,194.72999572753906,111.7300033569336,116.4800033569336,121.12999725341797,137.9600067138672,186.52499389648438,58.732398986816406,178.4199981689453,800.280029296875,438.8175048828125,187.02999877929688,86.6449966430664,168.72000122070312,521.3800048828125,303.9100036621094,160.93499755859375,198.0850067138672,,436.9800109863281,256.3900146484375,186.99000549316406,220.99000549316406,480.375,28.735000610351562,211.66009521484375,198.90499877929688,73.68000030517578,228.47999572753906
2026-01-07 17:21:00+00:00,262.1700134277344,139.16000366210938,340.9700012207031,289.0,261.3399963378906,295.6700134277344,114.33000183105469,425.1050109863281,293.56500244140625,210.63999938964844,340.8299865722656,244.19000244140625,638.5999755859375,115.56500244140625,,347.94500732421875,619.6799926757812,95.25,5458.5400390625,48.84000015258789,85.31999969482422,323.67999267578125,343.6400146484375,209.97000122070312,27.674999237060547,888.5399780273438,38.30500030517578,483.989990234375,74.53450012207031,65.01000213623047,35.505001068115234,188.50999450683594,84.19000244140625,232.60000610351562,145.22999572753906,70.30999755859375,,43.33000183105469,141.26499938964844,40.71500015258789,,80.66999816894531,86.5,123.6500015258789,322.07000732421875,321.5899963378906,200.77999877929688,724.280029296875,175.4149932861328,43.049800872802734,654.6303100585938,600.9199829101562,27.225000381469727,23.13450050354004,1360.81494140625,435.43499755859375,201.78500366210938,321.4049987792969,72.69000244140625,51.66830062866211,2178.179931640625,653.52001953125,76.71499633789062,950.27001953125,84.28730010986328,488.260009765625,164.13999938964844,341.54998779296875,91.01499938964844,190.21499633789062,237.07009887695312,167.94500732421875,90.8949966430664,194.9799041748047,111.77999877929688,116.51000213623047,121.16999816894531,137.91000366210938,186.5449981689453,58.755001068115234,178.375,799.655029296875,438.8450012207031,187.13999938964844,86.63999938964844,168.75599670410156,521.2100219726562,304.1050109863281,160.8699951171875,198.08999633789062,,436.6980895996094,256.4200134277344,187.02999877929688,221.05999755859375,480.25,28.735000610351562,211.8000030517578,199.0850067138672,73.66500091552734,228.39500427246094
2026-01-07 17:22:00+00:00,262.1700134277344,139.19749450683594,340.8800048828125,289.0350036621094,261.3800048828125,295.635009765625,114.34750366210938,425.0,293.625,210.92010498046875,340.94000244140625,244.39999389648438,639.1900024414062,115.51000213623047,1227.2950439453125,347.9466857910156,,95.23999786376953,5458.7001953125,48.86000061035156,,323.8800048828125,343.3299865722656,209.85000610351562,27.684999465942383,888.3350219726562,38.28499984741211,483.8999938964844,74.52999877929688,64.94000244140625,35.52000045776367,188.53250122070312,84.19000244140625,232.44000244140625,145.08999633789062,70.37999725341797,,43.334999084472656,141.18499755859375,40.69499969482422,67.8499984741211,80.66999816894531,86.50499725341797,123.69000244140625,322.1300048828125,321.6099853515625,200.63499450683594,724.25,175.4250030517578,43.154998779296875,654.8674926757812,601.114990234375,27.225000381469727,23.135000228881836,1362.58984375,435.4549865722656,201.9510040283203,,72.69000244140625,51.6349983215332,2177.239990234375,653.614990234375,76.70999908447266,950.719970703125,84.19010162353516,487.8500061035156,164.0399932861328,342.0509948730469,91.0,190.17999267578125,237.22500610351562,167.94000244140625,90.87000274658203,194.69509887695312,111.7750015258789,116.54499816894531,121.18000030517578,137.89999389648438,186.57000732421875,58.76499938964844,178.3699951171875,799.6500244140625,438.9200134277344,187.1750030517578,86.69999694824219,168.89999389648438,521.4500122070312,304.5599060058594,160.92979431152344,198.07000732421875,129.3206024169922,436.25,256.5249938964844,187.08999633789062,221.0,480.2900085449219,28.709999084472656,211.8350067138672,199.6343994140625,73.66999816894531,228.0749969482422
2026-01-07 17:23:00+00:00,262.239990234375,139.27999877929688,340.8500061035156,289.0,261.2950134277344,295.6700134277344,114.41000366210938,424.79998779296875,293.5799865722656,211.0,341.07000732421875,244.35000610351562,640.489990234375,115.53500366210938,1228.0899658203125,348.32000732421875,618.9450073242188,95.24500274658203,5462.0,48.849998474121094,,323.8399963378906,343.7300109863281,209.89500427246094,27.684999465942383,888.364990234375,38.27009963989258,483.7799072265625,74.54000091552734,65.0250015258789,35.51499938964844,188.49000549316406,84.16999816894531,232.4199981689453,145.22500610351562,70.3949966430664,204.36000061035156,43.369998931884766,141.18499755859375,40.66999816894531,67.8499984741211,80.63999938964844,86.51000213623047,123.76000213623047,322.010009765625,321.510009765625,200.60499572753906,724.0999755859375,175.49000549316406,43.064998626708984,654.3200073242188,600.9299926757812,27.235000610351562,23.144500732421875,1361.75,435.45001220703125,202.03599548339844,321.7300109863281,72.72000122070312,51.64500045776367,2179.5,654.094970703125,76.72000122070312,950.0,84.18000030517578,487.8534851074219,164.0500030517578,342.510009765625,90.96440124511719,190.24000549316406,237.2449951171875,167.77999877929688,90.9000015258789,194.52999877929688,111.80999755859375,116.54000091552734,121.18000030517578,137.9499969482422,186.63499450683594,58.744998931884766,178.60330200195312,799.6400146484375,438.9100036621094,187.13999938964844,86.73999786376953,168.99000549316406,521.6300048828125,304.70001220703125,160.8699951171875,198.1383056640625,129.39999389648438,436.04998779296875,256.67999267578125,187.0800018310547,221.0,480.32501220703125,28.684999465942383,211.78500366210938,199.93089294433594,73.70999908447266,228.05499267578125
2026-01-07 17:24:00+00:00,262.3500061035156,139.28500366210938,340.7200012207031,289.07000732421875,261.239990234375,295.67498779296875,114.36000061035156,424.8399963378906,293.44000244140625,211.1699981689453,340.9100036621094,244.2899932861328,640.3300170898438,115.5199966430664,1227.7099609375,348.25,618.9450073242188,95.2249984741211,5458.97021484375,48.814998626708984,85.22000122070312,323.76019287109375,343.2601013183594,209.77000427246094,27.674999237060547,888.3699951171875,38.275001525878906,483.8399963378906,74.53459930419922,64.94000244140625,35.48400115966797,188.5399932861328,84.19000244140625,232.4199981689453,145.11000061035156,70.4000015258789,204.3699951171875,43.334999084472656,141.05999755859375,40.685001373291016,67.86499786376953,80.67250061035156,86.55999755859375,123.66999816894531,321.8800048828125,321.3800048828125,200.66990661621094,724.1799926757812,,43.01499938964844,654.77001953125,600.8209228515625,27.225000381469727,23.145999908447266,1362.56494140625,435.45001220703125,201.92999267578125,321.6449890136719,72.72000122070312,51.6411018371582,2179.0,654.2919921875,76.69999694824219,949.4450073242188,84.31950378417969,487.82501220703125,163.8000030517578,342.114990234375,90.94999694824219,190.33999633789062,237.2449951171875,167.8300018310547,90.83650207519531,194.63600158691406,111.79499816894531,116.55999755859375,121.19999694824219,137.89999389648438,186.45989990234375,58.775001525878906,178.4149932861328,799.97998046875,438.9599914550781,187.21499633789062,86.72000122070312,168.92999267578125,522.0700073242188,304.94000244140625,160.875,198.1300048828125,,436.25,256.4599914550781,187.0500030517578,220.90499877929688,480.2300109863281,28.69499969482422,211.6699981689453,200.14959716796875,73.6500015258789,228.10899353027344
2026-01-07 17:25:00+00:00,262.29998779296875,139.25,340.8399963378906,288.9100036621094,261.3324890136719,295.3299865722656,114.31500244140625,424.45001220703125,293.1700134277344,210.99000549316406,340.8500061035156,244.2698974609375,640.739990234375,115.55999755859375,1227.425048828125,347.885009765625,618.510009765625,95.20999908447266,,48.83000183105469,85.2300033569336,323.260009765625,342.7900085449219,209.90499877929688,27.689899444580078,888.7899780273438,38.26499938964844,483.7900085449219,74.5,64.9000015258789,35.44499969482422,188.3800048828125,,232.77000427246094,145.1999969482422,70.37999725341797,204.36000061035156,43.32500076293945,141.02999877929688,40.654998779296875,67.83000183105469,80.66000366210938,86.58000183105469,123.66000366210938,322.0104064941406,321.625,200.6199951171875,723.6699829101562,,43.05500030517578,654.7899780273438,600.6658935546875,27.225000381469727,23.145000457763672,1362.989990234375,435.5480041503906,201.69009399414062,321.9800109863281,72.74130249023438,51.6349983215332,2179.5849609375,654.0499877929688,76.68000030517578,950.0599975585938,84.33999633789062,487.70001220703125,164.4739990234375,341.7101135253906,90.95030212402344,190.23500061035156,237.11000061035156,167.8350067138672,90.83999633789062,194.52999877929688,111.80500030517578,116.55500030517578,121.41000366210938,137.8800048828125,186.59500122070312,58.779300689697266,178.5399932861328,799.7949829101562,438.9949951171875,187.19000244140625,86.73500061035156,168.92999267578125,522.47998046875,304.2650146484375,160.875,198.0675048828125,,435.8800048828125,256.5299987792969,187.1999969482422,220.85000610351562,480.2900085449219,28.69499969482422,211.57000732421875,200.22000122070312,73.63500213623047,228.2550048828125
2026-01-07 17:26:00+00:00,262.2950134277344,139.22000122070312,340.9700012207031,288.82501220703125,261.239990234375,295.3399963378906,114.30999755859375,424.9224853515625,293.1099853515625,210.9394073486328,341.3800048828125,244.3000030517578,640.9099731445312,115.55999755859375,1227.64111328125,347.5509948730469,618.3699951171875,95.23999786376953,,48.79999923706055,,323.6099853515625,342.7049865722656,210.0050048828125,27.674999237060547,888.5700073242188,38.255001068115234,484.15570068359375,74.52999877929688,64.87000274658203,35.45000076293945,188.44500732421875,84.2300033569336,232.66000366210938,144.97999572753906,70.42939758300781,,43.30500030517578,140.89999389648438,40.6349983215332,,80.7300033569336,86.61000061035156,123.69499969482422,322.0899963378906,321.64599609375,200.55499267578125,,175.22000122070312,43.084999084472656,654.6900024414062,600.9400024414062,27.225000381469727,23.146299362182617,1360.93505859375,435.44500732421875,201.85000610351562,322.0350036621094,72.80500030517578,51.64899826049805,2182.989990234375,654.1500244140625,76.69999694824219,951.469970703125,84.37000274658203,487.8999938964844,164.88670349121094,341.0,90.93990325927734,190.08999633789062,237.22000122070312,167.82000732421875,90.83999633789062,194.99000549316406,111.80500030517578,116.55000305175781,121.41500091552734,137.8885955810547,186.5605010986328,58.78499984741211,178.47500610351562,800.510009765625,439.1400146484375,187.2100067138672,86.7699966430664,169.1042938232422,522.5648193359375,304.3699951171875,161.15499877929688,198.1300048828125,129.47999572753906,436.1400146484375,,187.1999969482422,220.86000061035156,480.4599914550781,28.674999237060547,211.59500122070312,200.3000030517578,73.62999725341797,228.58999633789062
2026-01-07 17:27:00+00:00,262.2904052734375,139.33999633789062,340.760009765625,288.8900146484375,261.2650146484375,295.2200012207031,114.30000305175781,424.875,293.1000061035156,210.9149932861328,341.2699890136719,244.46969604492188,639.8460083007812,115.55000305175781,1226.9599609375,347.364990234375,,95.2699966430664,5463.93017578125,48.77000045776367,85.25499725341797,323.4700012207031,342.197998046875,209.57000732421875,27.660999298095703,888.7249755859375,38.275001525878906,483.7300109863281,74.51730346679688,64.91999816894531,35.44499969482422,188.42999267578125,84.23750305175781,232.6999969482422,144.96499633789062,70.47000122070312,204.3699951171875,43.29999923706055,140.77000427246094,40.68000030517578,,80.62999725341797,86.58499908447266,123.68499755859375,322.04998779296875,321.625,200.53500366210938,723.7100219726562,175.13999938964844,43.029998779296875,655.397216796875,600.8900146484375,27.225000381469727,23.135000228881836,1360.52001953125,435.44500732421875,201.6699981689453,322.0199890136719,72.73999786376953,51.6349983215332,2181.4599609375,654.0150146484375,76.72000122070312,951.375,84.33000183105469,487.9800109863281,164.67340087890625,341.0498962402344,90.91010284423828,190.0198974609375,237.22000122070312,167.8000030517578,90.87000274658203,194.86000061035156,111.80500030517578,116.54000091552734,121.37000274658203,137.85000610351562,186.5399932861328,58.79999923706055,178.4499969482422,800.7349853515625,438.9849853515625,187.25999450683594,86.73500061035156,169.0500030517578,522.5,304.5899963378906,161.24000549316406,198.10000610351562,,436.09991455078125,256.70001220703125,187.09500122070312,220.86000061035156,480.2699890136719,28.655000686645508,211.6199951171875,200.4250030517578,73.62999725341797,228.5
2026-01-07 17:28:00+00:00,262.3999938964844,139.3000030517578,340.75250244140625,288.81500244140625,261.2749938964844,295.28009033203125,114.36000061035156,425.0,293.7099914550781,211.10000610351562,341.239990234375,244.6999969482422,640.0,115.62999725341797,1227.7099609375,347.3598937988281,618.1950073242188,95.23639678955078,5469.0,48.7599983215332,,323.6400146484375,342.364990234375,209.50999450683594,27.649999618530273,888.4600219726562,38.275001525878906,484.375,74.5250015258789,64.9800033569336,35.45000076293945,188.4149932861328,84.28500366210938,232.85000610351562,144.99000549316406,70.52999877929688,204.3699951171875,43.30500030517578,140.7899932861328,40.68000030517578,67.8499984741211,80.5999984741211,86.55999755859375,123.69000244140625,322.2309875488281,321.8299865722656,200.5399932861328,723.39501953125,175.24000549316406,43.125,655.010009765625,600.4949951171875,27.235000610351562,23.145000457763672,1362.094970703125,435.54998779296875,201.83999633789062,322.0199890136719,72.75499725341797,51.6349983215332,2181.56005859375,653.0900268554688,76.72000122070312,952.9299926757812,84.33999633789062,488.0050048828125,164.6999969482422,341.5050048828125,90.95539855957031,190.00669860839844,237.02000427246094,167.82000732421875,90.8772964477539,194.85000610351562,111.80999755859375,116.54000091552734,121.38999938964844,137.83999633789062,186.8000030517578,58.820701599121094,178.4116973876953,800.9400024414062,439.1400146484375,187.27499389648438,86.69000244140625,169.16000366210938,522.77001953125,304.9200134277344,161.1719970703125,198.27000427246094,129.42999267578125,436.3900146484375,256.67999267578125,187.13999938964844,220.86000061035156,480.4849853515625,28.665000915527344,211.60499572753906,200.5998992919922,73.6449966430664,228.69000244140625
2026-01-07 17:29:00+00:00,262.3599853515625,139.28500366210938,340.8500061035156,288.8500061035156,261.2950134277344,295.3500061035156,114.37999725341797,424.9100036621094,293.8500061035156,211.10000610351562,341.2799987792969,244.41799926757812,639.7868041992188,115.88999938964844,1227.7049560546875,347.1300048828125,618.2000122070312,95.29000091552734,5468.78515625,48.779998779296875,85.25,324.0849914550781,342.62921142578125,209.63999938964844,27.660999298095703,888.4500122070312,38.2599983215332,484.2550048828125,74.54499816894531,65.06999969482422,35.45500183105469,188.5,84.28500366210938,232.7050018310547,145.08999633789062,70.48999786376953,,43.29999923706055,,40.689998626708984,,80.58999633789062,86.4800033569336,123.66000366210938,322.15838623046875,321.67999267578125,200.55999755859375,723.635009765625,175.1300048828125,43.084999084472656,655.1500244140625,600.4849853515625,27.232500076293945,23.135000228881836,1362.2900390625,435.44000244140625,201.9199981689453,322.1000061035156,72.7699966430664,51.64500045776367,2181.81005859375,652.5872192382812,76.72000122070312,952.9400024414062,84.31999969482422,488.2300109863281,165.139892578125,341.4700012207031,90.94860076904297,190.0030059814453,237.05499267578125,167.74000549316406,90.8499984741211,194.77999877929688,111.8499984741211,116.55000305175781,121.23500061035156,137.85000610351562,186.80499267578125,58.82749938964844,178.42999267578125,800.9400024414062,439.2699890136719,187.27000427246094,86.75,169.0850067138672,522.5499877929688,304.86248779296875,,198.24000549316406,129.4149932861328,436.2200012207031,256.6300048828125,187.1999969482422,220.9499969482422,480.510009765625,28.666500091552734,211.5800018310547,200.1199951171875,73.66000366210938,228.52999877929688
2026-01-07 17:30:00+00:00,262.45001220703125,139.27499389648438,340.95001220703125,289.0050048828125,261.29998779296875,295.4599914550781,114.31999969482422,425.0299987792969,293.885009765625,210.9499969482422,341.3163146972656,244.3249969482422,640.7000122070312,115.8499984741211,1227.5849609375,347.1000061035156,617.8350219726562,95.26000213623047,5466.49755859375,48.7599983215332,,323.92498779296875,342.385009765625,209.6999969482422,27.639999389648438,888.6749877929688,38.26499938964844,484.3900146484375,74.54499816894531,65.13999938964844,35.45500183105469,188.36500549316406,84.47000122070312,232.77000427246094,145.27980041503906,70.53500366210938,204.3699951171875,43.27000045776367,140.6300048828125,40.68000030517578,,80.6050033569336,86.5,123.68499755859375,321.8399963378906,321.4549865722656,200.52000427246094,723.5900268554688,175.0,42.994998931884766,655.5599975585938,600.1749877929688,27.235000610351562,23.125,1364.1700439453125,435.3299865722656,202.1999969482422,,72.79000091552734,51.619998931884766,2183.14990234375,652.3499755859375,76.74500274658203,951.4650268554688,84.30999755859375,488.2149963378906,165.61000061035156,341.3500061035156,90.9198989868164,189.94000244140625,237.19000244140625,167.71499633789062,90.83999633789062,194.6999969482422,111.80999755859375,116.55000305175781,121.20999908447266,137.86000061035156,186.63999938964844,58.8650016784668,178.4199981689453,800.4500122070312,439.2550048828125,187.21249389648438,86.75499725341797,169.06199645996094,522.6300048828125,304.7008972167969,161.25,198.14999389648438,129.375,436.19000244140625,256.6400146484375,187.3000030517578,220.90499877929688,480.6000061035156,28.684999465942383,211.77000427246094,199.7899932861328,73.5999984741211,228.64999389648438
2026-01-07 17:31:00+00:00,262.3599853515625,139.3000030517578,341.0299987792969,289.0050048828125,261.239990234375,295.4700012207031,114.27999877929688,424.8399963378906,293.9750061035156,210.96499633789062,341.25,244.3000030517578,641.4099731445312,115.88500213623047,1227.9749755859375,347.0,618.1699829101562,95.26000213623047,5465.67919921875,48.720001220703125,,323.92498779296875,342.4100036621094,209.84500122070312,27.645000457763672,889.3499755859375,38.26499938964844,484.5400085449219,74.55000305175781,65.23999786376953,35.44499969482422,188.36000061035156,84.44499969482422,233.05999755859375,145.44140625,70.54000091552734,204.3800048828125,43.279998779296875,140.49000549316406,40.709999084472656,67.80999755859375,80.6449966430664,86.52999877929688,123.66000366210938,321.70001220703125,321.29998779296875,200.55999755859375,723.5700073242188,175.14999389648438,42.999900817871094,655.3900146484375,599.97998046875,27.235000610351562,23.125,1363.9300537109375,435.5299987792969,202.08999633789062,322.1300048828125,72.79000091552734,51.6156005859375,2184.0,652.5050048828125,76.72000122070312,950.0,84.37000274658203,488.0950012207031,165.97999572753906,341.260009765625,90.98650360107422,190.03500366210938,237.125,167.72000122070312,90.83999633789062,194.75,111.80500030517578,116.61000061035156,121.23999786376953,137.86500549316406,186.8000030517578,58.845001220703125,178.47999572753906,800.4400024414062,439.239990234375,187.13499450683594,86.7300033569336,169.05999755859375,523.1799926757812,305.0299987792969,161.44500732421875,198.02499389648438,129.38999938964844,436.67999267578125,256.57000732421875,187.35499572753906,220.9600067138672,480.6099853515625,28.684999465942383,211.99000549316406,199.3699951171875,73.61000061035156,228.6999969482422
2026-01-07 17:32:00+00:00,262.29998779296875,139.35000610351562,341.0101013183594,289.0050048828125,261.2099914550781,295.6400146484375,114.27339935302734,425.0299987792969,293.8699951171875,210.61000061035156,341.0199890136719,244.15499877929688,642.1420288085938,115.79499816894531,1227.68994140625,346.7900085449219,619.2899780273438,95.2699966430664,5466.83984375,48.77000045776367,85.26000213623047,324.1299133300781,342.4100036621094,209.90499877929688,27.645000457763672,889.9299926757812,38.27330017089844,484.72601318359375,74.55500030517578,65.19999694824219,35.44499969482422,188.44000244140625,84.44000244140625,233.11500549316406,145.47000122070312,70.55999755859375,,43.27000045776367,140.66000366210938,40.71500015258789,,80.62999725341797,86.5,123.5999984741211,321.625,321.2200012207031,200.56190490722656,723.52001953125,174.92999267578125,42.91350173950195,655.5499877929688,599.989990234375,27.2450008392334,23.125,1363.969970703125,435.5,201.8000030517578,322.135009765625,72.78500366210938,51.625,2184.010009765625,652.6798706054688,76.7750015258789,950.0,84.33000183105469,487.81500244140625,166.10009765625,341.17950439453125,91.00499725341797,189.9250030517578,237.07000732421875,,90.83000183105469,194.89999389648438,111.81999969482422,116.63500213623047,121.28500366210938,137.8800048828125,186.55999755859375,58.790000915527344,178.47999572753906,800.7100219726562,439.29998779296875,187.13999938964844,86.7249984741211,169.16859436035156,523.52001953125,304.44000244140625,161.49000549316406,197.97999572753906,129.4250030517578,436.1650085449219,256.70001220703125,187.27999877929688,220.85000610351562,480.7650146484375,28.674999237060547,212.02000427246094,198.91000366210938,73.58000183105469,228.60000610351562
2026-01-07 17:33:00+00:00,262.3999938964844,139.27999877929688,341.19500732421875,289.1000061035156,261.25,295.68499755859375,114.26499938964844,425.260009765625,293.7799987792969,210.6750030517578,341.07000732421875,244.22000122070312,643.1900024414062,115.73999786376953,1227.3800048828125,346.95001220703125,618.7000122070312,95.25150299072266,5468.259765625,48.75,85.29000091552734,324.4599914550781,342.07000732421875,209.94500732421875,27.642099380493164,889.3800048828125,38.310001373291016,484.4700012207031,74.57499694824219,65.16000366210938,35.3849983215332,188.44000244140625,84.43000030517578,233.1177978515625,145.3300018310547,70.48500061035156,,43.2599983215332,140.61749267578125,40.70000076293945,,80.739501953125,86.5199966430664,123.66000366210938,321.5400085449219,321.1499938964844,200.7100067138672,723.655029296875,175.07249450683594,43.04499816894531,655.1900024414062,599.7999877929688,27.229999542236328,23.1200008392334,1364.1600341796875,435.55499267578125,201.77999877929688,322.1199951171875,72.77999877929688,51.599998474121094,2183.0,652.4349975585938,76.7699966430664,951.1300048828125,84.37999725341797,488.17999267578125,166.09500122070312,341.26959228515625,91.01010131835938,190.0500030517578,237.0800018310547,167.6300048828125,90.87000274658203,194.90499877929688,111.81999969482422,116.856201171875,121.2699966430664,137.8699951171875,186.88009643554688,58.76499938964844,178.5,801.25732421875,,187.14999389648438,86.72000122070312,169.1699981689453,523.6900024414062,304.8800048828125,161.5749969482422,198.00250244140625,129.38999938964844,436.43939208984375,256.75,187.36000061035156,220.77999877929688,480.7699890136719,28.665000915527344,212.02000427246094,198.86500549316406,73.58999633789062,228.7519989013672
2026-01-07 17:34:00+00:00,262.31500244140625,139.30999755859375,341.010009765625,289.0849914550781,261.260009765625,295.6650085449219,114.29000091552734,425.7349853515625,293.8900146484375,210.63009643554688,341.0450134277344,244.3300018310547,643.135009765625,115.7750015258789,1227.56494140625,346.9949951171875,619.260009765625,95.23999786376953,5469.68994140625,48.77000045776367,85.26000213623047,324.4200134277344,341.8399963378906,209.84500122070312,27.640300750732422,889.3900146484375,38.314998626708984,484.5639953613281,74.55500030517578,65.13999938964844,35.3650016784668,188.38999938964844,84.43000030517578,232.8249969482422,145.28500366210938,70.5,204.3721923828125,43.255001068115234,140.60499572753906,40.7400016784668,,80.7300033569336,86.46379852294922,123.68000030517578,321.5,321.0799865722656,200.6199951171875,723.2650146484375,175.07000732421875,42.95600128173828,654.969970703125,600.2100219726562,27.225000381469727,23.125,1363.7000732421875,435.4700012207031,201.8000030517578,322.1600036621094,72.73999786376953,51.625,2184.97998046875,651.8200073242188,76.71499633789062,951.489990234375,84.38999938964844,487.92999267578125,166.2949981689453,341.04998779296875,91.0,190.1750030517578,237.39999389648438,167.63999938964844,90.86000061035156,194.99000549316406,111.79499816894531,116.9000015258789,121.19999694824219,137.85499572753906,187.1739959716797,58.77000045776367,178.47000122070312,802.6400146484375,439.19000244140625,187.14999389648438,86.71499633789062,169.125,523.75,304.9800109863281,161.85000610351562,198.0399932861328,129.41000366210938,436.239990234375,,187.3800048828125,220.74000549316406,480.7699890136719,28.69499969482422,212.10000610351562,199.05380249023438,73.56999969482422,228.6699981689453
2026-01-07 17:35:00+00:00,262.2250061035156,139.33999633789062,341.07000732421875,289.1499938964844,261.2174987792969,295.67999267578125,114.27999877929688,425.7650146484375,293.7550048828125,210.4949951171875,340.94500732421875,244.4199981689453,642.5999755859375,115.80999755859375,1227.2449951171875,346.95001220703125,619.302490234375,95.20999908447266,5471.794921875,48.79999923706055,,324.5,341.7799987792969,,27.649999618530273,889.530029296875,38.345001220703125,484.7200012207031,74.56400299072266,65.12000274658203,35.38999938964844,188.4499969482422,84.50499725341797,233.0500030517578,145.27999877929688,70.58000183105469,204.3699951171875,43.255001068115234,140.5800018310547,40.79499816894531,,80.79000091552734,86.47000122070312,123.68499755859375,321.3599853515625,320.93499755859375,200.61500549316406,723.5900268554688,175.11000061035156,42.86000061035156,655.3800048828125,599.5399780273438,27.225000381469727,23.125,1363.5999755859375,,201.75,322.2200012207031,72.77999877929688,51.6349983215332,2185.169921875,650.7999877929688,76.72000122070312,,84.38999938964844,487.8900146484375,166.39500427246094,341.20001220703125,90.98999786376953,190.10000610351562,237.39999389648438,167.7100067138672,90.86000061035156,195.00999450683594,111.81999969482422,116.81999969482422,121.21499633789062,137.89999389648438,187.22000122070312,58.834999084472656,178.4199981689453,802.02001953125,439.1000061035156,187.13250732421875,86.75499725341797,169.17999267578125,523.8359985351562,304.1099853515625,162.19000244140625,198.0500030517578,129.4199981689453,436.1311950683594,256.5899963378906,187.36000061035156,220.75,480.7699890136719,28.674999237060547,212.19000244140625,198.71499633789062,73.55999755859375,228.6750030517578
2026-01-07 17:36:00+00:00,262.17999267578125,139.42999267578125,340.8753967285156,289.1600036621094,261.05499267578125,295.5899963378906,114.21029663085938,,293.8599853515625,210.360107421875,340.9100036621094,244.52999877929688,641.3350219726562,115.77999877929688,1227.72998046875,346.82000732421875,,95.18000030517578,,48.810001373291016,85.25,324.5,341.34100341796875,209.84500122070312,27.665000915527344,889.3875732421875,38.32500076293945,485.1199951171875,74.58719635009766,65.16500091552734,35.38999938964844,188.2899932861328,84.51260375976562,233.11000061035156,145.3300018310547,70.56999969482422,,43.22999954223633,140.52999877929688,40.779998779296875,67.80999755859375,80.77999877929688,86.45999908447266,123.61000061035156,321.3700866699219,320.989990234375,200.5850067138672,723.1099853515625,175.02999877929688,42.875,655.280029296875,600.1300048828125,27.215099334716797,23.125,1363.5999755859375,435.260009765625,201.61000061035156,322.0827941894531,72.74500274658203,51.631900787353516,2185.35009765625,651.1599731445312,76.70800018310547,,84.427001953125,488.2550048828125,166.42990112304688,341.0899963378906,91.0250015258789,190.05999755859375,237.375,167.76499938964844,90.81999969482422,194.87420654296875,111.76499938964844,116.80000305175781,121.22000122070312,137.83680725097656,187.1501007080078,58.834999084472656,178.49000549316406,802.2249755859375,438.8299865722656,187.05999755859375,86.73500061035156,169.1999969482422,523.7949829101562,304.0,162.60000610351562,,129.36000061035156,436.1798095703125,256.79998779296875,187.30999755859375,220.625,480.9100036621094,28.677099227905273,212.21499633789062,198.40499877929688,73.54000091552734,228.72000122070312
2026-01-07 17:37:00+00:00,262.2099914550781,139.360107421875,340.9700012207031,289.125,261.1099853515625,295.7539978027344,114.20999908447266,425.5299987792969,293.8699951171875,210.35989379882812,340.9200134277344,244.61000061035156,641.4299926757812,115.77999877929688,1227.77001953125,346.8450012207031,,95.19000244140625,5472.8251953125,48.810699462890625,85.29499816894531,324.33099365234375,341.56500244140625,209.53500366210938,27.655000686645508,889.5798950195312,38.32550048828125,485.4549865722656,74.6050033569336,65.36599731445312,35.407798767089844,188.36000061035156,84.51000213623047,233.07000732421875,145.3509979248047,70.58000183105469,,43.21989822387695,140.50999450683594,40.775001525878906,,80.82250213623047,86.56999969482422,123.61000061035156,321.2900085449219,320.8900146484375,200.67999267578125,723.3200073242188,175.0800018310547,42.83300018310547,655.3150024414062,600.0999755859375,27.21500015258789,23.13990020751953,1363.22998046875,435.3599853515625,201.52999877929688,322.2200012207031,72.73639678955078,51.6349983215332,2186.169921875,651.3499755859375,76.78990173339844,,84.3781967163086,488.4700012207031,166.39500427246094,340.7699890136719,91.0425033569336,190.0,237.375,167.7100067138672,90.83000183105469,195.00999450683594,111.76499938964844,116.81999969482422,121.16999816894531,137.85000610351562,186.88499450683594,58.84659957885742,178.5299072265625,801.5599975585938,438.8599853515625,187.0399932861328,86.73500061035156,169.28160095214844,524.7999877929688,303.8550109863281,162.9949951171875,197.97999572753906,,436.1199951171875,,187.41000366210938,220.56320190429688,480.8500061035156,28.68000030517578,212.18499755859375,198.72500610351562,73.53379821777344,228.6300048828125
2026-01-07 17:38:00+00:00,262.260009765625,139.39999389648438,340.8299865722656,288.92498779296875,261.0950012207031,295.7799987792969,114.2300033569336,425.6300048828125,293.6600036621094,210.36929321289062,341.0050048828125,244.70199584960938,641.4151000976562,115.73999786376953,1227.57763671875,346.7701110839844,619.1900024414062,95.22000122070312,5467.69580078125,48.790000915527344,,324.6300048828125,341.7200012207031,209.5,27.649999618530273,889.469970703125,38.31990051269531,485.3699951171875,74.625,65.25499725341797,35.435001373291016,188.3300018310547,84.4800033569336,232.80499267578125,145.66000366210938,70.55000305175781,204.35499572753906,43.224998474121094,140.53500366210938,40.775001525878906,67.80000305175781,80.82499694824219,86.55500030517578,123.5999984741211,321.32000732421875,320.90008544921875,200.69000244140625,723.27001953125,175.10499572753906,42.869998931884766,655.3400268554688,600.1649780273438,27.21500015258789,23.125,1362.655029296875,435.2699890136719,201.1999969482422,322.2200012207031,72.69999694824219,51.657501220703125,2185.47998046875,651.9000244140625,76.77999877929688,951.8375854492188,84.43000030517578,488.58319091796875,166.43699645996094,340.8382873535156,91.05000305175781,190.0399932861328,237.2949981689453,167.7899932861328,90.87000274658203,194.9600067138672,111.79000091552734,116.80999755859375,121.2249984741211,137.88999938964844,186.8249969482422,58.85499954223633,178.4499969482422,,438.9599914550781,186.9600067138672,86.76000213623047,169.49000549316406,524.4149780273438,304.0799865722656,163.05999755859375,197.9499969482422,129.35000610351562,436.32501220703125,256.94500732421875,187.38999938964844,220.44500732421875,480.8299865722656,28.69499969482422,212.1199951171875,198.75,73.52999877929688,228.74000549316406
2026-01-07 17:39:00+00:00,262.30999755859375,139.3800048828125,340.5799865722656,288.8999938964844,261.07000732421875,295.5799865722656,114.2074966430664,425.4200134277344,293.6628112792969,210.5,341.0,244.6699981689453,641.25,115.76499938964844,1227.1199951171875,346.8599853515625,618.2650146484375,95.22000122070312,5470.634765625,48.82500076293945,85.29499816894531,324.3399963378906,342.1499938964844,209.49000549316406,27.639999389648438,889.6400146484375,38.33000183105469,485.2699890136719,74.6500015258789,65.20500183105469,35.439998626708984,,84.45500183105469,233.0800018310547,145.5,70.5,204.35499572753906,43.209999084472656,140.49000549316406,40.790000915527344,67.80500030517578,80.75,86.55500030517578,123.56999969482422,321.6199951171875,321.2149963378906,200.69500732421875,,,42.87009811401367,654.9000854492188,599.9163208007812,27.204999923706055,23.139999389648438,1362.8299560546875,435.3399963378906,201.4199981689453,322.1199951171875,72.70999908447266,51.654998779296875,2186.989990234375,652.0800170898438,76.76000213623047,951.97998046875,84.45999908447266,488.5350036621094,166.27999877929688,340.6000061035156,91.07749938964844,190.06500244140625,237.1905975341797,167.67010498046875,90.8499984741211,194.9250030517578,111.77999877929688,116.83000183105469,121.26000213623047,137.88999938964844,186.6999969482422,58.85499954223633,178.47000122070312,801.8699951171875,438.67999267578125,187.0050048828125,86.73500061035156,169.4550018310547,523.9299926757812,304.69000244140625,162.67999267578125,198.02999877929688,129.35000610351562,436.4200134277344,,187.24000549316406,220.53500366210938,480.8399963378906,28.689699172973633,212.10000610351562,198.9949951171875,73.55000305175781,228.67709350585938
2026-01-07 17:40:00+00:00,262.30999755859375,139.38999938964844,340.5715026855469,289.0899963378906,261.04998779296875,295.55999755859375,114.19999694824219,425.3699951171875,293.77301025390625,210.2790985107422,340.92999267578125,244.72500610351562,640.8900146484375,115.74500274658203,1227.3599853515625,346.6512145996094,,95.25,5470.634765625,48.779998779296875,85.25,324.32000732421875,341.9800109863281,209.3699951171875,27.635000228881836,889.77001953125,38.334999084472656,485.2799987792969,74.63999938964844,65.2699966430664,35.41999816894531,188.31500244140625,84.55169677734375,233.0,145.52000427246094,70.51000213623047,204.36500549316406,43.21500015258789,140.49850463867188,40.814998626708984,67.83000183105469,80.77999877929688,86.56999969482422,123.5999984741211,321.6000061035156,321.22601318359375,200.72500610351562,723.3200073242188,175.0,42.76499938964844,655.469970703125,600.7227172851562,,23.1299991607666,,435.5799865722656,201.30999755859375,322.0400085449219,72.69999694824219,51.66999816894531,2186.889892578125,652.375,76.69000244140625,952.280029296875,84.33999633789062,488.43499755859375,165.6699981689453,340.6499938964844,91.08999633789062,190.02000427246094,237.2449951171875,167.7100067138672,,195.0,111.81500244140625,116.80500030517578,121.25,137.85000610351562,186.35989379882812,58.845001220703125,178.44500732421875,801.7656860351562,438.8450012207031,187.0800018310547,86.76000213623047,169.2899932861328,523.6923828125,304.20001220703125,162.55999755859375,198.0399932861328,129.3350067138672,436.7200012207031,,187.41000366210938,220.49000549316406,481.07989501953125,28.68000030517578,,198.89999389648438,73.5199966430664,228.69000244140625
2026-01-07 17:41:00+00:00,262.30999755859375,139.33999633789062,340.510009765625,289.114990234375,261.1700134277344,295.55999755859375,114.26000213623047,425.12750244140625,293.739990234375,210.52000427246094,340.8599853515625,244.8800048828125,640.72998046875,115.65010070800781,1227.6400146484375,346.7699890136719,618.0750122070312,95.23999786376953,5470.77978515625,48.779998779296875,85.25,324.3550109863281,342.06988525390625,209.52000427246094,27.6289005279541,889.8599853515625,38.334999084472656,485.44000244140625,74.69499969482422,65.2699966430664,35.404998779296875,,84.58000183105469,233.0500030517578,145.6300048828125,70.5,204.36500549316406,43.237300872802734,140.47999572753906,40.85499954223633,,80.83499908447266,86.58999633789062,123.54000091552734,321.45001220703125,321.1050109863281,200.68499755859375,724.114990234375,175.1999969482422,42.845001220703125,655.6099853515625,600.97998046875,27.204999923706055,23.139999389648438,1362.406005859375,435.6499938964844,201.38999938964844,322.010009765625,72.72000122070312,51.68000030517578,2186.239990234375,652.2550048828125,76.62999725341797,951.7899780273438,84.3406982421875,488.4949951171875,165.6999969482422,340.65008544921875,91.15499877929688,190.0500030517578,237.3800048828125,167.6945037841797,90.83999633789062,195.02000427246094,111.83000183105469,116.80000305175781,121.2249984741211,137.83999633789062,186.5,58.8650016784668,178.4499969482422,802.2100219726562,438.9200134277344,,86.80000305175781,169.25,523.75,304.4800109863281,162.8249969482422,198.0500030517578,129.3249969482422,436.7749938964844,256.79998779296875,187.4550018310547,220.52999877929688,480.8727111816406,28.670000076293945,212.2050018310547,199.24000549316406,73.54080200195312,228.72999572753906
2026-01-07 17:42:00+00:00,262.2900085449219,139.4499969482422,340.4200134277344,289.260009765625,261.19500732421875,295.57000732421875,114.23999786376953,425.1400146484375,293.7950134277344,210.49899291992188,340.8349914550781,244.8800048828125,640.655029296875,115.5,,346.75,618.0750122070312,95.19000244140625,5471.06494140625,48.790000915527344,85.2301025390625,324.3349914550781,341.90509033203125,209.52999877929688,27.6299991607666,889.760009765625,38.314998626708984,485.3599853515625,74.66339874267578,65.25,35.40999984741211,,84.55000305175781,233.47000122070312,145.80499267578125,70.49500274658203,204.36500549316406,43.224998474121094,140.50999450683594,40.89500045776367,,80.80999755859375,86.54499816894531,123.51499938964844,321.5400085449219,321.1700134277344,200.61500549316406,724.5800170898438,175.1999969482422,42.779998779296875,655.7999877929688,600.5800170898438,27.225000381469727,23.14299964904785,1363.18994140625,435.6499938964844,201.1699981689453,322.010009765625,72.70999908447266,51.654998779296875,2185.179931640625,652.419677734375,76.62000274658203,952.7849731445312,84.375,488.5799865722656,165.22000122070312,340.7099914550781,91.189697265625,189.99989318847656,237.5050048828125,167.72999572753906,90.8550033569336,194.94000244140625,111.8301010131836,116.83499908447266,121.1449966430664,137.82000732421875,186.67999267578125,58.89500045776367,178.37879943847656,801.9450073242188,439.0011901855469,187.06500244140625,86.84200286865234,169.2100067138672,523.5999755859375,304.2300109863281,162.9550018310547,198.1199951171875,,436.67498779296875,256.79998779296875,187.4550018310547,220.5449981689453,480.9800109863281,28.679899215698242,212.07000732421875,199.07000732421875,73.55999755859375,228.63999938964844
2026-01-07 17:43:00+00:00,262.2900085449219,139.42359924316406,340.67999267578125,289.4100036621094,261.17498779296875,295.7149963378906,114.25499725341797,424.6400146484375,293.9574890136719,210.58999633789062,340.8399963378906,244.97999572753906,641.6860961914062,115.55000305175781,1227.6099853515625,346.8500061035156,618.3150024414062,95.20999908447266,5471.06982421875,48.79499816894531,85.25,324.5799865722656,342.0199890136719,209.44500732421875,27.625,889.77001953125,38.314998626708984,485.5400085449219,74.71499633789062,65.2699966430664,35.40999984741211,188.3800048828125,84.55000305175781,233.6999969482422,145.75,70.5,204.36000061035156,43.21500015258789,140.47000122070312,40.869998931884766,67.83999633789062,80.8125,86.45500183105469,123.51000213623047,321.69000244140625,321.2900085449219,200.5399932861328,724.4600219726562,175.1300048828125,42.78499984741211,655.7750244140625,600.6649780273438,27.225000381469727,23.145000457763672,1361.43994140625,435.6050109863281,201.32000732421875,322.05999755859375,72.73999786376953,51.625,2187.090087890625,652.7650146484375,76.62000274658203,954.739990234375,84.4000015258789,488.6700134277344,165.22999572753906,340.95001220703125,91.20999908447266,190.0800018310547,237.75999450683594,,90.87000274658203,195.0399932861328,111.86000061035156,116.81999969482422,121.11630249023438,137.87100219726562,186.92999267578125,58.89500045776367,178.48500061035156,801.469970703125,438.7734069824219,187.11500549316406,86.83999633789062,169.33999633789062,524.1799926757812,304.1400146484375,162.94000244140625,198.19000244140625,129.3800048828125,436.6440124511719,256.79998779296875,187.50999450683594,220.5449981689453,480.9656982421875,28.670000076293945,212.11000061035156,199.10000610351562,73.55000305175781,228.75999450683594
2026-01-07 17:44:00+00:00,262.3599853515625,139.47000122070312,340.7900085449219,289.4549865722656,261.3450012207031,295.6499938964844,114.22260284423828,424.2799987792969,294.0299987792969,210.59979248046875,340.4049987792969,244.89999389648438,642.4299926757812,115.58999633789062,1227.3199462890625,346.9150085449219,618.760009765625,95.16600036621094,5471.4384765625,48.790000915527344,85.26000213623047,324.42999267578125,342.0445861816406,209.33999633789062,27.6210994720459,890.25,38.310001373291016,485.40069580078125,74.74500274658203,65.23500061035156,35.415000915527344,188.49000549316406,84.54000091552734,232.99000549316406,145.75,70.48999786376953,204.36000061035156,43.220001220703125,140.5399932861328,40.900001525878906,67.87000274658203,80.85990142822266,86.47000122070312,123.55000305175781,321.6199951171875,321.1499938964844,200.6199951171875,724.4600219726562,175.1999969482422,42.80500030517578,655.5900268554688,600.5499877929688,27.229999542236328,23.15999984741211,1362.2030029296875,435.6050109863281,201.3000030517578,322.1400146484375,72.76000213623047,51.632999420166016,2186.75,653.0499877929688,76.62000274658203,955.1199951171875,84.34829711914062,488.8749084472656,165.4949951171875,340.989990234375,91.22869873046875,190.07000732421875,237.8000030517578,167.7899932861328,90.87999725341797,194.84500122070312,111.86499786376953,116.8499984741211,121.08000183105469,137.8800048828125,186.875,58.86000061035156,178.38999938964844,802.280029296875,439.1650085449219,187.0751953125,86.73999786376953,169.29750061035156,523.989990234375,303.70001220703125,163.0800018310547,198.13999938964844,129.35000610351562,436.8518981933594,256.79998779296875,187.5399932861328,220.67999267578125,481.2749938964844,28.655000686645508,212.1300048828125,198.89500427246094,73.55000305175781,228.7100067138672
2026-01-07 17:45:00+00:00,262.30999755859375,139.485107421875,340.6700134277344,289.510009765625,261.2300109863281,295.6300048828125,114.21050262451172,423.82501220703125,293.9599914550781,210.5166015625,340.3900146484375,244.6750030517578,642.0,115.5687026977539,1227.5250244140625,346.8699951171875,619.2100219726562,95.19000244140625,5469.35986328125,48.810001373291016,85.26000213623047,324.4700012207031,342.2699890136719,209.27499389648438,27.6299991607666,890.0549926757812,38.30500030517578,485.3500061035156,74.7750015258789,65.2699966430664,35.42169952392578,188.3800048828125,84.52999877929688,233.0050048828125,145.7899932861328,70.51499938964844,,43.21620178222656,140.5399932861328,40.810001373291016,67.8499984741211,80.80999755859375,86.4800033569336,123.63999938964844,321.6449890136719,321.25,200.51499938964844,724.4249877929688,175.1999969482422,42.779998779296875,655.6799926757812,600.7750244140625,27.235000610351562,23.155000686645508,1361.1500244140625,435.5299987792969,201.10000610351562,321.9599914550781,72.66000366210938,51.654998779296875,2185.77490234375,652.8674926757812,76.61000061035156,,84.3499984741211,488.7749938964844,165.35000610351562,340.7149963378906,91.3280029296875,190.11000061035156,237.8000030517578,167.6699981689453,90.87000274658203,194.89999389648438,111.83499908447266,116.83000183105469,121.05999755859375,137.89990234375,186.77999877929688,58.814998626708984,178.35499572753906,802.7349853515625,439.0450134277344,187.0,86.73999786376953,169.1199951171875,523.4550170898438,303.989990234375,163.08999633789062,198.0800018310547,129.33999633789062,437.07000732421875,256.8883972167969,187.5050048828125,220.6199951171875,481.3800048828125,28.649999618530273,212.1999969482422,198.83999633789062,73.55000305175781,228.82000732421875
2026-01-07 17:46:00+00:00,262.3599853515625,139.47000122070312,340.8949890136719,289.4100036621094,261.17999267578125,295.5849914550781,114.27999877929688,423.7099914550781,293.7701110839844,210.25,340.4599914550781,244.50750732421875,642.39501953125,115.53500366210938,1227.10498046875,346.85699462890625,620.1099853515625,95.20999908447266,5469.1201171875,48.7599983215332,85.27999877929688,324.6274108886719,342.3599853515625,209.32000732421875,27.6299991607666,890.2999877929688,38.31999969482422,485.135009765625,74.78500366210938,65.22000122070312,35.43000030517578,188.3800048828125,84.52999877929688,233.24000549316406,145.73500061035156,70.51000213623047,,43.220001220703125,140.66000366210938,40.779998779296875,67.88500213623047,80.81500244140625,86.4800033569336,123.58000183105469,321.5880126953125,321.1650085449219,200.5,724.5,175.07000732421875,42.68000030517578,656.27001953125,601.1480102539062,27.235000610351562,23.155000686645508,1360.7950439453125,435.7300109863281,201.19500732421875,321.989990234375,72.66999816894531,51.654998779296875,2183.56005859375,652.8200073242188,76.5999984741211,,84.29000091552734,489.0400085449219,165.27000427246094,340.4700012207031,91.30500030517578,190.05999755859375,237.8000030517578,167.72000122070312,90.91500091552734,194.89500427246094,111.8949966430664,116.81999969482422,121.02999877929688,137.9199981689453,186.6199951171875,58.785400390625,178.2949981689453,802.6099853515625,439.2900085449219,187.0800018310547,86.70999908447266,169.15989685058594,523.4450073242188,304.17999267578125,163.0800018310547,198.10499572753906,129.33250427246094,437.1300048828125,257.1499938964844,187.5,220.625,481.5,28.655000686645508,212.13499450683594,198.64999389648438,73.58509826660156,228.84249877929688
2026-01-07 17:47:00+00:00,262.4996032714844,139.47000122070312,340.75,289.489990234375,261.19500732421875,295.5,114.25499725341797,422.45001220703125,294.0899963378906,210.1199951171875,340.4100036621094,244.4550018310547,642.7949829101562,115.51000213623047,1227.6300048828125,346.989990234375,619.9249877929688,95.2300033569336,5469.68994140625,48.75,85.27999877929688,324.4150085449219,342.5150146484375,209.2949981689453,27.614999771118164,890.0889892578125,38.34000015258789,484.7300109863281,74.7699966430664,65.19499969482422,35.435001373291016,188.3300018310547,84.53679656982422,233.0800018310547,145.6999969482422,70.48500061035156,204.36500549316406,43.209999084472656,140.55999755859375,40.81999969482422,67.87999725341797,80.81999969482422,86.53900146484375,123.55999755859375,321.6400146484375,321.20001220703125,200.5500030517578,722.6900024414062,175.02000427246094,42.755001068115234,656.489990234375,601.219970703125,27.225000381469727,23.145000457763672,1361.72998046875,435.7900085449219,201.30999755859375,321.9700012207031,72.68000030517578,51.625,2183.169921875,652.8300170898438,76.58999633789062,955.4299926757812,84.32610321044922,488.92999267578125,165.08999633789062,340.1700134277344,91.27999877929688,189.98500061035156,238.0,167.71499633789062,91.01000213623047,194.97999572753906,111.90499877929688,116.77999877929688,121.08999633789062,137.88999938964844,186.51609802246094,58.7599983215332,178.27999877929688,803.0700073242188,439.7099914550781,187.09500122070312,86.69999694824219,169.0800018310547,523.3499755859375,304.0199890136719,162.9199981689453,198.10000610351562,129.39999389648438,437.135986328125,256.94000244140625,187.72000122070312,220.52000427246094,481.55999755859375,28.670000076293945,212.11000061035156,198.79989624023438,73.56999969482422,228.75999450683594
2026-01-07 17:48:00+00:00,262.4150085449219,139.2100067138672,340.55999755859375,289.4649963378906,261.1499938964844,295.3999938964844,114.28500366210938,422.1700134277344,293.9150085449219,210.10659790039062,340.4100036621094,244.47999572753906,642.5211791992188,115.55999755859375,1227.3800048828125,346.8500061035156,619.47998046875,95.20999908447266,5465.8798828125,48.75899887084961,85.27999877929688,324.375,342.5150146484375,209.17999267578125,27.610000610351562,890.239990234375,38.334999084472656,484.4750061035156,74.76000213623047,65.19000244140625,35.43000030517578,188.27999877929688,84.54000091552734,233.05999755859375,145.66000366210938,70.48500061035156,204.37440490722656,43.23500061035156,140.49000549316406,40.80500030517578,67.8499984741211,80.79499816894531,86.52999877929688,123.58000183105469,321.67498779296875,321.2200012207031,200.4199981689453,,175.00999450683594,42.790000915527344,656.0750122070312,601.0599975585938,27.225000381469727,23.14900016784668,1361.1400146484375,435.6700134277344,201.19000244140625,321.91339111328125,72.66999816894531,51.60499954223633,2183.5,652.6699829101562,76.58000183105469,952.4600219726562,84.34539794921875,488.7560119628906,164.5944061279297,340.30499267578125,91.23500061035156,189.98500061035156,237.82000732421875,167.7100067138672,90.9800033569336,195.02999877929688,111.91000366210938,116.75250244140625,121.04499816894531,137.8800048828125,186.33999633789062,58.73500061035156,178.27999877929688,,439.55999755859375,187.03500366210938,86.68499755859375,168.94000244140625,523.0761108398438,304.2699890136719,162.61000061035156,198.0800018310547,129.3699951171875,437.1449890136719,256.9200134277344,187.7449951171875,220.52499389648438,481.989990234375,28.674999237060547,212.10000610351562,198.86880493164062,73.57499694824219,228.7949981689453
2026-01-07 17:49:00+00:00,262.4649963378906,139.25,340.5,289.30499267578125,261.0899963378906,295.2900085449219,114.26499938964844,422.05999755859375,293.8399963378906,210.17999267578125,340.3299865722656,244.57000732421875,641.8101196289062,115.45999908447266,1227.2349853515625,346.92498779296875,619.3499755859375,95.19999694824219,5469.6201171875,48.72999954223633,85.29000091552734,324.20001220703125,342.0,209.1999969482422,27.60930061340332,889.280029296875,38.30500030517578,484.2300109863281,74.7698974609375,65.19999694824219,35.43000030517578,188.30499267578125,84.56999969482422,233.27000427246094,145.61000061035156,70.4800033569336,204.3699951171875,43.22600173950195,140.5500030517578,40.79100036621094,67.87000274658203,80.80000305175781,86.49500274658203,123.5999984741211,321.6000061035156,321.1449890136719,200.41000366210938,722.864990234375,175.00999450683594,42.77939987182617,656.2150268554688,600.8800048828125,27.219999313354492,23.145000457763672,1361.074951171875,435.67498779296875,201.31170654296875,321.8999938964844,72.54000091552734,51.61600112915039,2185.1298828125,652.8900146484375,76.58999633789062,952.0399780273438,84.30000305175781,488.81201171875,164.85000610351562,340.3340148925781,91.21309661865234,190.0063934326172,237.82000732421875,167.6649932861328,91.0250015258789,194.86000061035156,111.87999725341797,116.76499938964844,121.05999755859375,137.9149932861328,186.52999877929688,58.7400016784668,178.14999389648438,803.765625,439.4150085449219,186.97999572753906,86.68009948730469,169.0117950439453,523.5800170898438,303.6499938964844,162.58999633789062,198.17999267578125,129.32000732421875,437.125,,187.5500030517578,220.5050048828125,481.9649963378906,28.670000076293945,211.9600067138672,198.72279357910156,73.55000305175781,228.6300048828125
2026-01-07 17:50:00+00:00,262.4599914550781,139.1649932861328,340.3550109863281,289.2300109863281,260.95001220703125,295.04998779296875,114.26000213623047,421.7650146484375,293.989990234375,210.16400146484375,340.17999267578125,244.2913055419922,641.5399780273438,115.31500244140625,1226.3299560546875,347.0799865722656,618.75,95.19499969482422,5472.08154296875,48.71989822387695,85.31999969482422,324.1600036621094,341.9549865722656,209.17999267578125,27.604999542236328,888.9400024414062,38.290000915527344,483.739990234375,74.77999877929688,65.18000030517578,35.439998626708984,188.26510620117188,84.55000305175781,232.9199981689453,145.47000122070312,70.4800033569336,204.3699951171875,43.23500061035156,140.4600067138672,40.79499816894531,67.88500213623047,80.80999755859375,86.49500274658203,123.5999984741211,321.7300109863281,321.2900085449219,200.3350067138672,722.0700073242188,175.13499450683594,42.79499816894531,656.030029296875,600.719970703125,27.21500015258789,23.135000228881836,1360.5699462890625,435.510009765625,201.2449951171875,321.8399963378906,72.45999908447266,51.61989974975586,2183.10009765625,652.3809814453125,76.58999633789062,952.1300048828125,84.30000305175781,488.56500244140625,164.4199981689453,339.92999267578125,91.20500183105469,189.94349670410156,237.36000061035156,167.66000366210938,90.97000122070312,194.74000549316406,111.87999725341797,116.71499633789062,121.08000183105469,137.91000366210938,186.3300018310547,58.709999084472656,178.0399932861328,804.6199951171875,439.07000732421875,186.9199981689453,86.68000030517578,168.88999938964844,523.7999877929688,303.8138122558594,162.58799743652344,198.13999938964844,129.22999572753906,437.0423889160156,256.8349914550781,187.42999267578125,220.47999572753906,482.1099853515625,28.645000457763672,211.81500244140625,198.72999572753906,73.5199966430664,228.51449584960938
2026-01-07 17:51:00+00:00,262.5400085449219,139.19000244140625,340.1400146484375,289.1549987792969,260.9700012207031,294.9200134277344,114.23500061035156,421.94500732421875,293.8800048828125,210.15960693359375,340.3699951171875,244.27000427246094,640.6749877929688,115.26000213623047,1226.1949462890625,346.82000732421875,618.47998046875,95.20500183105469,5468.865234375,48.7400016784668,85.31999969482422,324.29998779296875,341.9100036621094,209.14999389648438,27.594999313354492,889.1900024414062,38.29499816894531,483.4599914550781,74.7699966430664,65.20999908447266,35.41999816894531,,84.55500030517578,232.71499633789062,145.33999633789062,70.45999908447266,204.38999938964844,43.21500015258789,140.38999938964844,40.79499816894531,67.87999725341797,80.72000122070312,86.52999877929688,123.56500244140625,321.57501220703125,321.1199951171875,200.30499267578125,721.7849731445312,,42.775001525878906,655.4349975585938,601.010009765625,27.235000610351562,23.139999389648438,1361.3299560546875,435.54998779296875,201.17999267578125,321.7650146484375,72.31999969482422,51.63999938964844,2180.719970703125,652.47998046875,76.62999725341797,949.6300048828125,84.23500061035156,488.4200134277344,163.9499969482422,340.07000732421875,91.20500183105469,189.8802947998047,237.30999755859375,167.3699951171875,90.9800033569336,194.59649658203125,111.875,116.68000030517578,121.08999633789062,137.9199981689453,186.289306640625,58.7400016784668,178.02999877929688,804.7449951171875,439.0799865722656,186.9149932861328,86.65499877929688,168.67999267578125,523.7349853515625,303.9599914550781,162.35000610351562,197.98500061035156,129.2100067138672,436.7099914550781,256.6629943847656,187.3699951171875,220.3800048828125,482.239990234375,28.656299591064453,211.69000244140625,198.7050018310547,73.51000213623047,228.5500030517578
2026-01-07 17:52:00+00:00,262.5635070800781,139.14999389648438,340.3399963378906,289.2200012207031,261.06500244140625,295.1099853515625,114.30000305175781,421.2349853515625,293.82000732421875,210.22000122070312,340.2850036621094,244.19500732421875,640.02001953125,115.26010131835938,1226.0350341796875,346.885009765625,619.030029296875,95.19999694824219,,48.72999954223633,85.3499984741211,324.11248779296875,341.4599914550781,209.1649932861328,27.611000061035156,889.489990234375,38.28499984741211,483.7550048828125,74.80500030517578,65.27999877929688,35.404998779296875,188.1999969482422,84.52999877929688,232.92999267578125,145.25999450683594,70.48999786376953,204.41000366210938,43.244998931884766,140.30499267578125,40.814998626708984,67.86000061035156,80.68000030517578,86.51000213623047,123.55999755859375,321.64801025390625,321.20050048828125,200.2899932861328,721.780029296875,175.11000061035156,42.81990051269531,655.4215087890625,601.010009765625,27.260000228881836,23.139999389648438,1359.5,435.6400146484375,201.16009521484375,321.69000244140625,72.37000274658203,51.65999984741211,2181.284912109375,652.489990234375,76.62000274658203,952.260009765625,84.26950073242188,488.3800048828125,163.93499755859375,339.8872985839844,91.2249984741211,189.84500122070312,237.4600067138672,,90.95500183105469,194.5800018310547,111.91999816894531,116.70500183105469,121.11499786376953,137.94009399414062,186.4199981689453,58.75400161743164,178.06500244140625,805.3150024414062,439.25,186.94500732421875,86.60800170898438,168.69000244140625,522.7949829101562,303.55999755859375,162.3300018310547,198.0800018310547,129.33999633789062,437.1549987792969,256.67999267578125,187.36000061035156,,482.5,28.65999984741211,211.8000030517578,198.58999633789062,73.5291976928711,228.38999938964844
2026-01-07 17:53:00+00:00,262.5,139.14999389648438,340.32501220703125,289.239990234375,261.1300048828125,295.1099853515625,114.28500366210938,421.5849914550781,293.6400146484375,210.22000122070312,340.1700134277344,244.27000427246094,640.1300048828125,115.28500366210938,1225.5250244140625,346.7349853515625,619.260009765625,95.17009735107422,,48.71500015258789,85.36000061035156,324.05999755859375,341.68719482421875,209.22500610351562,27.6200008392334,889.489990234375,38.30500030517578,484.1499938964844,74.73500061035156,65.41000366210938,35.415000915527344,188.30999755859375,84.54499816894531,232.97999572753906,145.2899932861328,70.4800033569336,,43.2400016784668,140.2899932861328,40.834999084472656,67.86509704589844,80.7300033569336,86.49009704589844,123.55500030517578,321.5201110839844,321.0899963378906,200.2949981689453,721.8200073242188,,42.834999084472656,,600.7680053710938,27.2450008392334,23.145000457763672,1358.9549560546875,435.489990234375,201.0749969482422,321.989990234375,72.37999725341797,51.665000915527344,2182.5,652.5499877929688,76.59500122070312,950.0,84.27999877929688,488.4599914550781,163.99000549316406,339.9831848144531,91.2300033569336,189.8800048828125,237.44500732421875,167.5,90.875,194.72500610351562,112.00499725341797,116.69999694824219,121.12999725341797,137.9199981689453,186.44500732421875,58.76499938964844,178.0800018310547,804.125,439.0950012207031,186.94000244140625,86.61000061035156,168.68299865722656,523.3099975585938,303.55999755859375,162.4199981689453,198.03500366210938,129.33999633789062,437.42999267578125,,187.3300018310547,220.5500030517578,482.3205871582031,28.658000946044922,,198.58999633789062,73.55000305175781,228.47500610351562
2026-01-07 17:54:00+00:00,262.4800109863281,139.15499877929688,340.375,289.2300109863281,261.135009765625,295.2650146484375,,421.5849914550781,293.44000244140625,210.18499755859375,340.1549987792969,244.56500244140625,639.7000122070312,115.21269989013672,1226.050048828125,346.75,,95.19000244140625,5464.46484375,48.70500183105469,85.45999908447266,323.9100036621094,341.56500244140625,209.02999877929688,27.626100540161133,889.4349975585938,38.334999084472656,483.79998779296875,74.71499633789062,65.47000122070312,35.42499923706055,188.30999755859375,84.55000305175781,232.6699981689453,145.42999267578125,70.44000244140625,204.39999389648438,43.23500061035156,140.1300048828125,40.834999084472656,67.87000274658203,80.7699966430664,86.47000122070312,123.55999755859375,321.55999755859375,321.125,200.5050048828125,720.9190063476562,175.14999389648438,42.79499816894531,655.22998046875,600.5700073242188,27.2549991607666,23.155000686645508,1357.949951171875,435.6199951171875,200.92999267578125,321.989990234375,72.37999725341797,51.665000915527344,2181.1201171875,653.0449829101562,76.69000244140625,948.1649780273438,84.23999786376953,488.43670654296875,163.781494140625,339.9200134277344,91.21499633789062,189.7899932861328,237.30499267578125,167.49000549316406,90.91000366210938,194.6699981689453,111.9800033569336,,121.16000366210938,138.02999877929688,186.39999389648438,58.834999084472656,178.0500030517578,804.5,,186.9550018310547,86.59500122070312,168.7050018310547,522.52001953125,303.6199951171875,162.3300018310547,198.0399932861328,,437.3900146484375,256.5700988769531,187.27999877929688,220.5850067138672,482.3800048828125,28.639999389648438,211.94000244140625,198.39999389648438,73.55000305175781,228.5399932861328
2026-01-07 17:55:00+00:00,262.55999755859375,139.14999389648438,340.45001220703125,289.2099914550781,261.1449890136719,295.3299865722656,114.27999877929688,421.18499755859375,293.0801086425781,210.27999877929688,340.0950012207031,244.78500366210938,639.5399780273438,115.2300033569336,1225.1800537109375,346.8399963378906,618.5029296875,95.23500061035156,5462.330078125,48.349998474121094,85.45999908447266,323.8800048828125,341.45001220703125,209.0399932861328,27.625,889.1749877929688,38.31999969482422,484.4700012207031,74.7300033569336,65.36000061035156,35.42499923706055,188.30499267578125,84.54000091552734,232.9199981689453,145.2899932861328,70.44999694824219,,43.23500061035156,140.11000061035156,40.814998626708984,,80.77999877929688,86.51000213623047,123.44999694824219,321.5799865722656,321.12200927734375,200.36500549316406,720.8200073242188,,42.70000076293945,654.97998046875,600.4600219726562,27.250099182128906,23.156999588012695,1357.0999755859375,435.6000061035156,200.66749572753906,321.80499267578125,72.33000183105469,51.66999816894531,2180.199951171875,653.0599975585938,76.73999786376953,947.0,84.17009735107422,488.5050048828125,164.07000732421875,339.8485107421875,91.20500183105469,189.77000427246094,237.2050018310547,,90.87999725341797,194.86500549316406,112.01499938964844,116.68499755859375,121.20999908447266,138.0399932861328,186.6199951171875,58.84000015258789,178.125,804.7750244140625,438.9949951171875,186.8800048828125,86.5999984741211,168.72000122070312,522.5499877929688,,162.3800048828125,198.08999633789062,129.40499877929688,437.4787902832031,,187.21499633789062,220.54879760742188,482.2699890136719,28.63599967956543,211.88009643554688,198.2100067138672,73.54499816894531,228.5
2026-01-07 17:56:00+00:00,262.6499938964844,139.14500427246094,340.42999267578125,289.3299865722656,261.1824951171875,295.3299865722656,114.30000305175781,421.5199890136719,293.04998779296875,210.21319580078125,340.4200134277344,244.75999450683594,639.184814453125,115.2300033569336,1224.885009765625,346.67498779296875,618.3463745117188,95.25499725341797,5460.580078125,48.56449890136719,85.44000244140625,323.9599914550781,341.2699890136719,209.02999877929688,27.635000228881836,889.4879760742188,38.32500076293945,484.6499938964844,74.71499633789062,65.4000015258789,35.42499923706055,188.30999755859375,84.58000183105469,232.94500732421875,145.22999572753906,70.41999816894531,,43.224998474121094,140.02499389648438,40.80500030517578,67.83999633789062,80.7699966430664,86.45999908447266,123.45999908447266,321.38800048828125,320.92999267578125,200.31500244140625,721.239990234375,174.85000610351562,42.67499923706055,655.169677734375,600.4500122070312,27.264999389648438,23.149900436401367,1356.2900390625,435.4750061035156,200.66000366210938,322.0,72.36000061035156,51.67499923706055,2180.89990234375,653.2999877929688,76.7699966430664,947.239990234375,84.19000244140625,488.70001220703125,163.80999755859375,339.67999267578125,91.17500305175781,189.70700073242188,237.13999938964844,167.47000122070312,90.86000061035156,194.8000030517578,112.08000183105469,116.62999725341797,121.21499633789062,138.10000610351562,186.6501007080078,58.744998931884766,178.06500244140625,805.4500122070312,,186.88999938964844,86.6500015258789,168.6999969482422,522.6099853515625,303.2900085449219,162.43499755859375,198.0800018310547,129.41000366210938,437.3299865722656,256.79998779296875,187.23500061035156,220.5850067138672,482.4100036621094,28.635000228881836,212.05999755859375,197.7191925048828,73.54000091552734,228.47999572753906
2026-01-07 17:57:00+00:00,262.4700012207031,,340.55999755859375,289.24249267578125,261.17999267578125,295.57000732421875,114.28500366210938,421.67999267578125,293.1600036621094,210.1199951171875,340.80999755859375,244.86000061035156,639.14501953125,115.25,1225.780029296875,346.635986328125,,95.23999786376953,5463.3701171875,48.560001373291016,,324.1400146484375,341.20001220703125,209.10000610351562,27.639999389648438,889.6599731445312,38.31999969482422,484.989990234375,74.69830322265625,65.46499633789062,35.415000915527344,188.30499267578125,84.57499694824219,233.0449981689453,145.05999755859375,70.44000244140625,204.4001007080078,43.21500015258789,139.9340057373047,40.79499816894531,67.83000183105469,80.77999877929688,86.46499633789062,123.4800033569336,321.4399108886719,320.9700927734375,200.41000366210938,721.4400024414062,174.99000549316406,42.67499923706055,655.9099731445312,600.4450073242188,27.264999389648438,23.155000686645508,1356.47998046875,435.55999755859375,200.6699981689453,,72.36000061035156,51.67499923706055,2180.989990234375,653.3579711914062,76.7300033569336,946.8699951171875,84.13999938964844,488.8500061035156,163.84249877929688,339.6499938964844,91.21499633789062,189.72000122070312,237.1649932861328,167.4499969482422,90.875,194.8000030517578,112.05000305175781,116.62999725341797,121.2300033569336,138.11000061035156,186.5500030517578,58.775001525878906,178.23500061035156,805.0999755859375,439.4049987792969,186.89999389648438,86.66000366210938,168.81190490722656,522.5599975585938,303.0201110839844,162.64999389648438,198.0749969482422,129.41000366210938,437.17999267578125,256.79998779296875,187.25,220.50999450683594,482.4100036621094,28.635000228881836,212.25,197.52999877929688,73.54000091552734,228.65499877929688
2026-01-07 17:58:00+00:00,262.4119873046875,139.1199951171875,340.4800109863281,289.2430114746094,,,114.2699966430664,421.1199951171875,293.1600036621094,210.02499389648438,340.7699890136719,245.02999877929688,638.7401123046875,115.19000244140625,1225.1500244140625,346.439208984375,618.5650024414062,95.22000122070312,5460.43017578125,48.5,85.41000366210938,324.1600036621094,341.1000061035156,209.11000061035156,27.649999618530273,889.2020263671875,38.310001373291016,484.9599914550781,74.66000366210938,65.41000366210938,35.415000915527344,,84.55999755859375,232.97999572753906,145.10000610351562,70.44000244140625,,43.20000076293945,139.8800048828125,40.790000915527344,,80.75,86.47000122070312,123.44999694824219,321.489990234375,321.03399658203125,200.36500549316406,721.4299926757812,174.83999633789062,42.624900817871094,655.469970703125,600.3400268554688,27.264999389648438,23.155000686645508,1356.27001953125,435.55499267578125,200.49000549316406,321.8999938964844,72.375,51.650001525878906,2180.530029296875,653.5150146484375,76.76000213623047,946.0,84.1500015258789,488.7850036621094,163.8800048828125,339.6300048828125,91.2125015258789,189.72999572753906,237.11000061035156,,90.86000061035156,194.81500244140625,112.05999755859375,116.59700012207031,121.20999908447266,138.0800018310547,186.2281036376953,58.779998779296875,178.24000549316406,805.4500122070312,,187.15499877929688,86.65499877929688,168.94000244140625,522.9149780273438,302.6000061035156,,198.09500122070312,,437.3900146484375,256.8399963378906,187.11000061035156,220.6699981689453,482.20001220703125,28.635000228881836,212.27499389648438,197.0800018310547,73.52999877929688,228.7100067138672
2026-01-07 17:59:00+00:00,262.31500244140625,139.05999755859375,340.3949890136719,289.4849853515625,261.0899963378906,295.4800109863281,114.19999694824219,421.1300048828125,293.1239929199219,210.11000061035156,340.6099853515625,245.13999938964844,638.89501953125,115.20500183105469,1225.6500244140625,346.7799987792969,619.6099853515625,95.19000244140625,5464.35498046875,48.54999923706055,85.37000274658203,324.2799987792969,341.2699890136719,209.14999389648438,27.645000457763672,889.0150146484375,38.29999923706055,484.6449890136719,74.66500091552734,65.26499938964844,35.404998779296875,188.2100067138672,84.5199966430664,232.85000610351562,145.16000366210938,70.44000244140625,204.41000366210938,43.185001373291016,139.94000244140625,40.790000915527344,67.8499984741211,80.61000061035156,86.44999694824219,123.30999755859375,321.5776062011719,321.1700134277344,200.3300018310547,720.8099975585938,174.83999633789062,42.66999816894531,655.52001953125,600.2349853515625,27.2549991607666,23.139999389648438,1355.8699951171875,435.44000244140625,200.57000732421875,321.67999267578125,72.3499984741211,51.61000061035156,2181.43994140625,653.22998046875,76.7750015258789,945.2899780273438,84.18000030517578,488.8699951171875,163.7801055908203,339.8599853515625,91.20500183105469,189.94000244140625,237.1300048828125,167.25999450683594,90.75,194.86000061035156,111.94000244140625,116.45999908447266,121.22000122070312,138.10499572753906,186.26010131835938,58.744998931884766,178.24000549316406,805.0700073242188,439.1000061035156,187.0,86.63999938964844,168.94000244140625,522.9450073242188,302.7149963378906,,198.0399932861328,129.41000366210938,437.3999938964844,256.9200134277344,187.07000732421875,220.4199981689453,482.3999938964844,28.65999984741211,212.05499267578125,197.63099670410156,73.48999786376953,228.75750732421875
2026-01-07 18:00:00+00:00,262.2349853515625,138.99000549316406,340.29998779296875,289.5899963378906,261.19000244140625,295.6050109863281,114.12000274658203,421.5799865722656,292.9750061035156,210.02000427246094,340.5150146484375,244.94000244140625,639.144287109375,115.06520080566406,1224.510009765625,346.510009765625,619.1500244140625,95.13999938964844,5463.14501953125,48.4900016784668,,324.04998779296875,341.0,209.0399932861328,27.641000747680664,889.02001953125,38.290000915527344,484.7034912109375,74.75499725341797,65.13999938964844,35.415000915527344,188.24000549316406,84.4749984741211,232.83999633789062,144.77999877929688,70.37999725341797,204.39999389648438,43.16999816894531,139.8699951171875,40.76499938964844,67.79000091552734,80.62999725341797,86.3949966430664,123.25,321.3901062011719,320.94000244140625,200.3300018310547,721.3300170898438,174.7550048828125,42.62459945678711,655.1500244140625,600.010009765625,27.2450008392334,23.100000381469727,1355.489990234375,435.5199890136719,200.5500030517578,321.614990234375,72.33000183105469,51.57500076293945,2179.800048828125,653.1099853515625,76.73999786376953,,84.19999694824219,488.8900146484375,163.22999572753906,339.8699951171875,91.19000244140625,189.88999938964844,237.0,167.08999633789062,90.73999786376953,194.80020141601562,111.94999694824219,116.375,121.19999694824219,138.0637969970703,186.1999969482422,58.77399826049805,178.47000122070312,805.5599975585938,439.2099914550781,186.9949951171875,86.63619995117188,168.97999572753906,523.14501953125,302.9700012207031,162.4499969482422,198.02499389648438,129.33999633789062,437.44000244140625,256.9549865722656,187.05999755859375,220.4600067138672,482.4100036621094,28.645000457763672,212.04600524902344,197.58999633789062,73.47000122070312,228.75
2026-01-07 18:01:00+00:00,262.20001220703125,138.94000244140625,340.3974914550781,289.6400146484375,261.19000244140625,295.360107421875,114.11000061035156,420.7699890136719,293.0,210.1699981689453,340.5299987792969,245.21499633789062,639.280029296875,115.0999984741211,1224.824951171875,346.739990234375,619.1500244140625,95.125,5461.75,48.505001068115234,85.33999633789062,324.260009765625,341.2799987792969,209.0449981689453,27.649999618530273,889.260009765625,38.29999923706055,484.7200012207031,74.8499984741211,65.1500015258789,35.415000915527344,,84.5,232.72000122070312,144.75999450683594,70.41500091552734,204.40499877929688,43.16999816894531,139.90499877929688,40.794498443603516,,80.68000030517578,86.43499755859375,123.22010040283203,321.3500061035156,320.8999938964844,200.3699951171875,721.3200073242188,174.59500122070312,42.65879821777344,655.25,600.4099731445312,27.235000610351562,23.09000015258789,1356.614990234375,435.43011474609375,200.64999389648438,321.739990234375,72.33999633789062,51.564998626708984,2179.715087890625,653.219970703125,76.7750015258789,946.4500122070312,84.25,488.7698974609375,162.91749572753906,340.1499938964844,91.22000122070312,189.9250030517578,237.14500427246094,167.17999267578125,90.75499725341797,194.73500061035156,111.94000244140625,116.49500274658203,121.2300033569336,138.1300048828125,186.0399932861328,58.82500076293945,178.47999572753906,805.2150268554688,439.3800048828125,186.92999267578125,86.6449966430664,168.88999938964844,523.5999755859375,303.3800048828125,162.4499969482422,198.0399932861328,129.3800048828125,437.6000061035156,256.9966125488281,187.09500122070312,220.49000549316406,482.2250061035156,28.61009979248047,,197.48500061035156,73.45999908447266,228.72000122070312
2026-01-07 18:02:00+00:00,262.2200012207031,138.97999572753906,340.3951110839844,289.760009765625,261.2049865722656,295.510009765625,,420.7699890136719,293.1099853515625,210.22500610351562,340.5,245.01499938964844,639.4050903320312,115.0199966430664,1224.719970703125,346.75,,95.13999938964844,,48.5099983215332,85.33999633789062,324.3349914550781,341.2099914550781,209.02999877929688,27.644399642944336,889.3599853515625,38.30500030517578,484.54998779296875,74.86000061035156,65.05000305175781,35.415000915527344,,,232.72500610351562,144.97000122070312,70.40499877929688,,43.189998626708984,139.83999633789062,40.814998626708984,,80.69000244140625,86.43499755859375,123.18000030517578,321.3599853515625,320.94500732421875,200.35499572753906,720.9550170898438,174.59500122070312,42.5718994140625,655.1900024414062,600.0599975585938,27.2450008392334,23.094999313354492,1356.25,435.42999267578125,200.7899932861328,321.6400146484375,72.31999969482422,51.57500076293945,2179.610107421875,653.030029296875,76.7699966430664,,84.27999877929688,488.6600036621094,163.02000427246094,340.1000061035156,91.2249984741211,189.94400024414062,237.22999572753906,167.17999267578125,90.81999969482422,194.91000366210938,111.98500061035156,116.55000305175781,121.20999908447266,138.05499267578125,185.96009826660156,58.834999084472656,178.38999938964844,805.0250244140625,439.2349853515625,186.94500732421875,86.69999694824219,168.81179809570312,523.510009765625,302.7349853515625,162.4499969482422,198.05499267578125,129.3699951171875,437.5299987792969,256.7200012207031,187.14999389648438,220.49000549316406,482.2099914550781,28.604999542236328,212.13999938964844,197.07000732421875,73.5,228.80999755859375
2026-01-07 18:03:00+00:00,261.6700134277344,138.89999389648438,340.3800048828125,289.8125,261.29998779296875,295.5150146484375,114.06999969482422,420.2699890136719,292.9599914550781,210.14999389648438,340.5791015625,245.05999755859375,639.6600952148438,115.0,1225.0,346.68798828125,619.3900146484375,95.12999725341797,,48.5099983215332,,324.1474914550781,341.3500061035156,209.0399932861328,27.6200008392334,889.010009765625,38.310001373291016,485.17999267578125,74.8550033569336,65.06999969482422,35.415000915527344,188.41000366210938,84.47000122070312,232.72500610351562,145.0500030517578,70.38999938964844,204.3936004638672,43.20000076293945,139.89500427246094,40.849998474121094,67.8499984741211,80.70500183105469,86.38999938964844,123.0999984741211,321.55999755859375,321.1300048828125,200.25,721.239990234375,174.77999877929688,42.619998931884766,655.2208862304688,600.0800170898438,27.2450008392334,23.100000381469727,1356.06005859375,435.54998779296875,200.9199981689453,,72.29000091552734,51.584999084472656,2178.7451171875,652.989990234375,76.7699966430664,946.7249755859375,84.22000122070312,488.54998779296875,162.75999450683594,339.92999267578125,91.20999908447266,189.9149932861328,237.1999969482422,167.27999877929688,90.79000091552734,195.10000610351562,112.04000091552734,116.63999938964844,121.2300033569336,137.98500061035156,186.0,58.845001220703125,178.41000366210938,805.0250244140625,439.4599914550781,186.94000244140625,86.68009948730469,168.89999389648438,523.5599975585938,302.95001220703125,162.6074981689453,197.97999572753906,129.32000732421875,437.3800048828125,256.79998779296875,187.0800018310547,220.57000732421875,482.1000061035156,28.59160041809082,212.22999572753906,196.86500549316406,73.48999786376953,228.80999755859375
2026-01-07 18:04:00+00:00,261.489990234375,138.90499877929688,340.17498779296875,289.760009765625,261.2550048828125,295.3900146484375,114.12999725341797,,292.8500061035156,210.19500732421875,340.5400085449219,245.02999877929688,639.6072998046875,114.98999786376953,1225.10498046875,346.7200012207031,619.97998046875,95.13999938964844,5458.81494140625,48.4900016784668,85.30999755859375,324.4800109863281,341.3900146484375,209.0399932861328,27.635000228881836,889.0999755859375,38.29999923706055,484.9100036621094,74.864501953125,65.05999755859375,35.40760040283203,188.2949981689453,84.47000122070312,232.35000610351562,145.11500549316406,70.3550033569336,,43.209999084472656,140.01499938964844,40.86000061035156,67.86000061035156,80.64600372314453,86.37999725341797,123.1500015258789,321.7099914550781,321.2650146484375,200.2949981689453,720.0,174.99000549316406,42.55350112915039,655.2650146484375,600.030029296875,27.235000610351562,23.084999084472656,1356.0400390625,435.42999267578125,201.27000427246094,321.42999267578125,72.31999969482422,51.6150016784668,2176.610107421875,653.0999755859375,76.79000091552734,946.7249755859375,84.25,488.55999755859375,162.61500549316406,340.1700134277344,91.20999908447266,189.94500732421875,237.22999572753906,167.11000061035156,90.78500366210938,194.97999572753906,112.01499938964844,116.49500274658203,121.30000305175781,138.0449981689453,185.97000122070312,58.779998779296875,178.3699951171875,805.0584106445312,439.07000732421875,187.0500030517578,86.58000183105469,168.74000549316406,523.8499755859375,302.8800048828125,162.52999877929688,197.97999572753906,129.32000732421875,437.1759948730469,,187.11000061035156,220.5,482.42999267578125,28.600000381469727,212.05999755859375,197.02999877929688,73.5199966430664,228.6699981689453
2026-01-07 18:05:00+00:00,261.4800109863281,138.92999267578125,340.2149963378906,289.80999755859375,261.2651062011719,,114.1500015258789,420.3500061035156,292.702392578125,210.27999877929688,340.4800109863281,245.0449981689453,639.0,114.9800033569336,1225.3299560546875,346.7200012207031,619.5399780273438,95.11000061035156,,48.5,85.30000305175781,324.3599853515625,341.0,209.02999877929688,27.64539909362793,889.0360107421875,38.30500030517578,484.82000732421875,74.86000061035156,64.95999908447266,35.404998779296875,,84.44000244140625,232.32000732421875,145.1199951171875,70.37000274658203,204.41000366210938,43.20500183105469,140.07000732421875,40.845001220703125,67.86000061035156,80.6500015258789,86.38999938964844,123.08000183105469,321.75,321.32000732421875,200.32000732421875,721.4500122070312,175.1999969482422,42.625,655.4500122070312,600.0850219726562,27.235300064086914,23.084999084472656,1355.875,435.375,201.11000061035156,321.42999267578125,72.31999969482422,51.630001068115234,2176.802978515625,652.8699951171875,76.80000305175781,948.6199951171875,84.2781982421875,488.5299987792969,162.71499633789062,340.1400146484375,91.22000122070312,190.0500030517578,237.22999572753906,167.13999938964844,90.74500274658203,195.0207977294922,112.01499938964844,116.4800033569336,121.2750015258789,138.0399932861328,185.8800048828125,58.79499816894531,178.2899932861328,804.9149780273438,439.2200012207031,186.9499969482422,86.55000305175781,168.72000122070312,524.0900268554688,303.135009765625,162.52999877929688,197.88999938964844,129.1999969482422,437.5098876953125,256.9200134277344,187.02999877929688,220.39999389648438,482.4800109863281,28.584999084472656,212.29989624023438,197.8000030517578,73.49440002441406,228.6699981689453
2026-01-07 18:06:00+00:00,261.5400085449219,138.99000549316406,340.4549865722656,289.8500061035156,261.57000732421875,295.6199951171875,114.19999694824219,421.4100036621094,292.8399963378906,210.22000122070312,340.7049865722656,244.94000244140625,637.8900146484375,115.06999969482422,1225.324951171875,346.7099914550781,619.6900024414062,95.12999725341797,,48.47999954223633,85.30500030517578,324.5599060058594,341.0150146484375,209.0800018310547,27.69499969482422,889.2100219726562,38.369998931884766,484.5249938964844,74.8499984741211,65.2300033569336,35.43000030517578,188.44000244140625,84.4800033569336,232.510498046875,145.14999389648438,70.45500183105469,204.39999389648438,43.22999954223633,139.83999633789062,40.834999084472656,,80.69000244140625,86.37999725341797,123.13999938964844,321.7300109863281,321.3900146484375,200.13499450683594,722.0599975585938,175.14999389648438,42.67509841918945,655.7050170898438,600.094970703125,27.235000610351562,23.100000381469727,1355.6300048828125,435.4700012207031,201.1999969482422,321.44000244140625,72.43000030517578,51.685001373291016,2175.9951171875,652.97998046875,76.80999755859375,,84.30000305175781,488.44000244140625,162.60499572753906,339.8299865722656,91.18000030517578,189.9949951171875,237.50999450683594,167.1699981689453,90.83000183105469,194.94500732421875,112.16000366210938,116.52999877929688,121.19000244140625,137.9499969482422,185.85000610351562,58.82500076293945,178.36000061035156,804.9149780273438,439.68499755859375,187.0800018310547,86.69000244140625,168.73500061035156,523.3099975585938,302.989990234375,162.6999969482422,197.89999389648438,129.24000549316406,437.19000244140625,,187.14999389648438,220.8699951171875,482.57501220703125,28.625,212.08999633789062,197.99000549316406,73.51000213623047,228.7050018310547
2026-01-07 18:07:00+00:00,261.510009765625,139.05999755859375,340.4049987792969,289.875,261.4200134277344,295.6199951171875,114.16500091552734,421.8599853515625,292.8999938964844,210.14999389648438,340.7799987792969,245.0050048828125,639.010009765625,115.1698989868164,1225.8199462890625,346.9800109863281,619.6649780273438,95.11000061035156,,48.4900016784668,85.32559967041016,324.2674865722656,341.07501220703125,209.0175018310547,27.694599151611328,888.8181762695312,38.35499954223633,484.3599853515625,74.83999633789062,65.33000183105469,35.44499969482422,188.40499877929688,84.4800033569336,232.36000061035156,145.1999969482422,70.44999694824219,,43.22999954223633,139.85499572753906,40.834999084472656,,80.6500015258789,86.36499786376953,123.16000366210938,321.7799987792969,321.3800048828125,200.13999938964844,,175.0449981689453,42.60499954223633,655.8250122070312,600.1854248046875,27.230300903320312,23.115100860595703,1356.1500244140625,,201.36000061035156,,72.43000030517578,51.709999084472656,2176.989990234375,652.9299926757812,76.7699966430664,948.9400024414062,84.2249984741211,488.3699951171875,162.41000366210938,339.8800048828125,91.14990234375,189.96499633789062,237.41000366210938,167.32000732421875,90.76000213623047,195.0,112.13999938964844,116.55000305175781,121.19999694824219,137.9499969482422,185.7899932861328,58.82429885864258,178.36000061035156,805.3200073242188,439.3500061035156,187.12249755859375,86.7300033569336,168.80599975585938,523.6799926757812,302.94000244140625,162.78750610351562,197.86500549316406,,437.0660095214844,,187.05859375,220.82000732421875,482.5799865722656,28.61319923400879,212.10000610351562,197.91000366210938,73.5199966430664,228.63499450683594
2026-01-07 18:08:00+00:00,261.739990234375,139.07000732421875,340.260009765625,289.80499267578125,261.2799987792969,295.55999755859375,114.19999694824219,421.3399963378906,293.0350036621094,210.1699981689453,340.8349914550781,244.97999572753906,638.7379760742188,115.19000244140625,,347.04998779296875,619.5819702148438,95.08999633789062,,48.525001525878906,85.33999633789062,324.42999267578125,341.19000244140625,209.00999450683594,27.68000030517578,889.096923828125,38.33000183105469,484.7149963378906,74.88999938964844,65.2300033569336,35.435001373291016,188.33999633789062,84.44999694824219,232.33999633789062,145.10000610351562,70.44999694824219,204.375,43.2400016784668,140.00999450683594,40.814998626708984,,80.58000183105469,86.33999633789062,123.12000274658203,321.60418701171875,321.17999267578125,199.8350067138672,721.8900146484375,174.97999572753906,42.60499954223633,655.6300048828125,600.1400146484375,27.2450008392334,23.114999771118164,1356.8299560546875,435.510009765625,201.5399932861328,321.364990234375,72.44999694824219,51.70500183105469,2177.409912109375,652.280029296875,76.80000305175781,,84.26000213623047,488.4200134277344,162.05999755859375,340.1000061035156,91.06500244140625,190.0800018310547,237.39999389648438,167.22000122070312,90.75499725341797,194.8350067138672,112.08499908447266,116.51000213623047,121.19999694824219,137.9499969482422,185.74000549316406,58.79499816894531,178.2899932861328,805.3200073242188,439.0799865722656,186.85000610351562,86.73500061035156,168.77000427246094,523.72998046875,303.32159423828125,162.85000610351562,197.97999572753906,129.16000366210938,436.8800048828125,256.760009765625,187.09500122070312,220.77000427246094,482.3500061035156,28.600000381469727,212.0800018310547,198.16000366210938,73.49500274658203,228.71499633789062
2026-01-07 18:09:00+00:00,261.7200012207031,139.07000732421875,340.25,289.79998779296875,261.2300109863281,295.5350036621094,114.19999694824219,,293.05999755859375,210.11959838867188,340.8550109863281,245.0050048828125,638.8699951171875,115.1500015258789,1226.43994140625,346.9750061035156,619.5800170898438,95.11000061035156,5453.91015625,48.529998779296875,85.33499908447266,324.3550109863281,341.2099914550781,209.28500366210938,27.68440055847168,889.1599731445312,38.310001373291016,484.6300048828125,74.88500213623047,65.28500366210938,35.45500183105469,188.27999877929688,84.41000366210938,232.39500427246094,145.1199951171875,70.45999908447266,204.375,43.2400016784668,139.97999572753906,40.83000183105469,67.87000274658203,80.58499908447266,86.36000061035156,123.09500122070312,321.5249938964844,321.0824890136719,200.05999755859375,721.989990234375,174.8800048828125,42.6349983215332,655.5800170898438,600.4199829101562,27.2450008392334,23.116899490356445,1356.1600341796875,435.80999755859375,201.58599853515625,321.44000244140625,72.55000305175781,51.724998474121094,2178.800048828125,652.1099853515625,76.77999877929688,948.6699829101562,84.26000213623047,488.3949890136719,162.38999938964844,340.1000061035156,91.05000305175781,190.0800018310547,237.36500549316406,167.25,90.79000091552734,194.84500122070312,112.05000305175781,116.5,121.20999908447266,137.89999389648438,185.60000610351562,58.770198822021484,178.38499450683594,804.9099731445312,439.1400146484375,187.0399932861328,86.69999694824219,168.6699981689453,523.6500244140625,303.573486328125,162.5919952392578,197.97000122070312,,436.8800048828125,256.79998779296875,187.13009643554688,220.67999267578125,482.3900146484375,28.610000610351562,211.9600067138672,198.42999267578125,73.5,228.5800018310547
2026-01-07 18:10:00+00:00,261.7250061035156,139.1699981689453,340.239990234375,289.57000732421875,261.2550048828125,295.4100036621094,114.16999816894531,,292.8999938964844,210.02000427246094,341.0299987792969,245.13099670410156,638.9000244140625,115.12999725341797,1225.635009765625,346.95001220703125,619.9400024414062,95.12999725341797,5457.5498046875,48.52000045776367,85.36000061035156,324.2349853515625,341.20001220703125,209.25,27.674999237060547,889.010009765625,38.29499816894531,484.57000732421875,74.86540222167969,65.30999755859375,35.5099983215332,188.3300018310547,84.4000015258789,232.35000610351562,145.0800018310547,70.47000122070312,204.38499450683594,43.244998931884766,140.02000427246094,40.814998626708984,67.875,80.5250015258789,86.38500213623047,123.11000061035156,321.510009765625,321.0799865722656,200.08990478515625,722.2100219726562,174.82000732421875,42.6870002746582,655.5850219726562,600.2249755859375,27.2549991607666,23.110000610351562,,435.6650085449219,201.1699981689453,321.55999755859375,72.52999877929688,51.72999954223633,2177.39990234375,652.163818359375,76.79000091552734,947.8599853515625,84.23999786376953,488.1700134277344,162.19000244140625,339.885009765625,91.0250015258789,189.95509338378906,237.19000244140625,,90.7750015258789,194.83999633789062,112.13999938964844,116.43000030517578,121.23999786376953,137.88999938964844,185.58999633789062,58.7599983215332,178.32000732421875,805.3200073242188,439.2200012207031,187.02000427246094,86.70500183105469,168.77499389648438,522.8400268554688,303.7049865722656,,197.92999267578125,,436.79010009765625,,187.10000610351562,220.6999969482422,482.30999755859375,28.610000610351562,,198.74000549316406,73.48999786376953,228.60000610351562
2026-01-07 18:11:00+00:00,261.6300048828125,139.08999633789062,340.17498779296875,289.5350036621094,261.2799987792969,295.5,114.17500305175781,420.6499938964844,292.67010498046875,210.0,341.4100036621094,244.97999572753906,638.22998046875,115.1050033569336,1224.5,346.8099060058594,,95.11000061035156,5457.68505859375,48.540000915527344,85.38999938964844,323.9700012207031,340.95001220703125,209.25,27.674999237060547,888.8900146484375,38.30500030517578,484.5,74.83000183105469,65.2300033569336,35.505001068115234,188.3800048828125,84.44000244140625,232.39500427246094,145.0500030517578,70.43000030517578,,43.255001068115234,139.96499633789062,40.834999084472656,67.86000061035156,80.5,86.43000030517578,123.08999633789062,321.5299987792969,321.1700134277344,200.13999938964844,722.2000122070312,174.7449951171875,42.61989974975586,655.3099975585938,600.3098754882812,27.260000228881836,23.104999542236328,1355.0699462890625,435.6549987792969,200.98500061035156,,72.5199966430664,51.7400016784668,2176.0,651.9099731445312,76.76000213623047,947.0,84.16999816894531,488.0199890136719,161.9949951171875,339.7875061035156,91.0250015258789,189.8699951171875,236.99000549316406,167.35000610351562,90.7699966430664,194.75999450683594,112.125,116.43000030517578,121.16999816894531,137.94500732421875,185.3509979248047,58.78030014038086,178.3699951171875,804.5,439.17999267578125,187.02499389648438,86.69499969482422,,523.1799926757812,303.6700134277344,162.6999969482422,197.88999938964844,,436.74951171875,256.6700134277344,187.07000732421875,220.6300048828125,482.55999755859375,28.610000610351562,211.86000061035156,198.7550048828125,73.48999786376953,228.6199951171875
2026-01-07 18:12:00+00:00,261.5899963378906,139.11000061035156,340.1400146484375,289.70001220703125,261.2799987792969,295.45001220703125,114.1500015258789,420.6700134277344,292.885009765625,210.11000061035156,341.5199890136719,245.00999450683594,638.1699829101562,115.05999755859375,1225.2099609375,346.8999938964844,620.0999755859375,95.11000061035156,5459.0,48.52000045776367,85.35289764404297,323.9700012207031,341.30999755859375,,27.670000076293945,888.885009765625,38.279998779296875,484.2799987792969,74.80000305175781,65.20999908447266,35.494998931884766,,84.44509887695312,232.39500427246094,145.02499389648438,70.41000366210938,204.3800048828125,43.255001068115234,139.9499969482422,40.834999084472656,67.8499984741211,80.52999877929688,86.38500213623047,123.09500122070312,321.4700012207031,321.05999755859375,200.07000732421875,721.885009765625,174.9550018310547,42.59000015258789,655.5999755859375,600.1400146484375,27.260000228881836,23.109899520874023,1354.8800048828125,435.7099914550781,201.28500366210938,,72.51000213623047,51.73500061035156,2176.0,652.0499877929688,76.76000213623047,,84.19999694824219,488.2300109863281,162.42999267578125,340.17999267578125,90.9800033569336,189.9550018310547,237.09500122070312,,90.78500366210938,194.6999969482422,112.13500213623047,116.5199966430664,121.18499755859375,137.94500732421875,185.4149932861328,58.779998779296875,178.30999755859375,804.9000244140625,439.17498779296875,187.02999877929688,86.71499633789062,168.72500610351562,523.1375122070312,303.8800048828125,162.64999389648438,197.9149932861328,,436.9750061035156,,187.21499633789062,220.8249969482422,482.57000732421875,28.614999771118164,211.98500061035156,199.36000061035156,73.4749984741211,228.5
2026-01-07 18:13:00+00:00,261.6300048828125,139.0500030517578,340.1549987792969,289.93499755859375,261.28009033203125,295.3599853515625,114.18000030517578,420.9800109863281,292.9800109863281,210.16990661621094,341.42498779296875,245.0850067138672,638.2420043945312,115.08000183105469,1224.800048828125,346.875,620.3699951171875,95.08000183105469,5455.89501953125,48.5099983215332,85.375,323.9649963378906,341.3275146484375,209.25999450683594,27.665000915527344,888.969970703125,38.279998779296875,484.1499938964844,74.84010314941406,65.17500305175781,35.51499938964844,,84.44000244140625,232.2899932861328,144.88499450683594,70.30999755859375,204.37640380859375,43.23500061035156,,40.834999084472656,,80.48500061035156,86.3949966430664,123.08499908447266,321.510009765625,321.07000732421875,200.22000122070312,721.4600219726562,174.94000244140625,42.70500183105469,655.5499877929688,600.0,27.252500534057617,23.114999771118164,1355.6600341796875,,201.4499053955078,321.7049865722656,72.55999755859375,51.724998474121094,2177.195068359375,652.364990234375,76.76000213623047,947.5599975585938,84.24349975585938,488.3900146484375,162.3249969482422,340.57000732421875,91.02999877929688,189.97999572753906,237.0749969482422,167.32000732421875,90.78500366210938,194.77000427246094,112.11000061035156,116.48999786376953,121.21499633789062,137.9499053955078,185.64500427246094,58.79499816894531,178.50759887695312,804.3499755859375,439.29998779296875,186.9949951171875,86.7166976928711,168.69189453125,522.7750244140625,304.1600036621094,162.80999755859375,197.8699951171875,,437.127685546875,256.55999755859375,187.2550048828125,220.9199981689453,482.4700012207031,28.635000228881836,212.0500030517578,199.5802001953125,73.47000122070312,228.55999755859375
2026-01-07 18:14:00+00:00,261.69000244140625,139.0,340.340087890625,289.8450012207031,261.239990234375,295.3299865722656,114.13999938964844,420.9800109863281,292.9750061035156,210.22000122070312,341.1099853515625,245.07000732421875,638.4400024414062,115.11599731445312,1224.5899658203125,346.7200927734375,620.3399047851562,95.08499908447266,5451.27392578125,48.52000045776367,85.375,324.18499755859375,341.0830078125,209.41000366210938,27.674999237060547,888.6099853515625,38.2599983215332,483.8299865722656,74.86000061035156,65.11000061035156,35.53499984741211,188.38499450683594,84.43000030517578,232.4600067138672,144.83999633789062,70.34500122070312,,43.185001373291016,139.97000122070312,40.82500076293945,67.86000061035156,80.45999908447266,86.37999725341797,123.08999633789062,321.7200012207031,321.260009765625,200.34500122070312,721.1500244140625,174.82000732421875,42.7400016784668,655.6900024414062,599.1699829101562,27.2450008392334,23.114999771118164,1355.7850341796875,435.69000244140625,201.44000244140625,321.739990234375,72.56999969482422,51.69499969482422,2178.3798828125,652.6300048828125,76.80000305175781,946.1099853515625,84.19499969482422,488.3500061035156,162.2779998779297,340.489990234375,91.00499725341797,190.03500366210938,236.97999572753906,167.16000366210938,90.73500061035156,194.6999969482422,112.11000061035156,116.4625015258789,121.23999786376953,137.93600463867188,185.7899932861328,58.76250076293945,178.5,804.8300170898438,439.2099914550781,186.8300018310547,86.7300033569336,168.72999572753906,523.0449829101562,304.260009765625,162.7675018310547,197.82000732421875,129.10000610351562,437.0539855957031,256.44000244140625,187.24000549316406,220.78500366210938,482.44500732421875,28.625,211.97999572753906,199.35000610351562,73.45500183105469,228.4600067138672
2026-01-07 18:15:00+00:00,261.5199890136719,139.0,340.17498779296875,289.6099853515625,261.0299987792969,295.29998779296875,114.06999969482422,421.5299987792969,292.67999267578125,210.0998992919922,340.7149963378906,244.92999267578125,638.010009765625,114.97000122070312,1223.56005859375,346.54998779296875,620.3300170898438,95.06999969482422,5453.27001953125,48.540000915527344,85.30000305175781,324.135009765625,341.0199890136719,209.41000366210938,27.655000686645508,888.2150268554688,38.2400016784668,483.8450012207031,74.82450103759766,65.27999877929688,35.53499984741211,188.19000244140625,84.38999938964844,232.3800048828125,144.92999267578125,70.2699966430664,204.375,43.16999816894531,140.02000427246094,40.79499816894531,67.81999969482422,80.54000091552734,86.29000091552734,123.11499786376953,321.42999267578125,320.9949951171875,200.21499633789062,720.9400024414062,174.875,42.64500045776367,655.260009765625,598.5,27.239900588989258,23.094999313354492,1355.02001953125,435.2300109863281,201.11000061035156,321.489990234375,72.5,51.69499969482422,2178.389892578125,651.6799926757812,76.75,946.4249877929688,84.16000366210938,488.0799865722656,161.89210510253906,340.2049865722656,90.9749984741211,189.88999938964844,236.8300018310547,,90.63999938964844,194.8350067138672,112.0199966430664,116.37999725341797,121.19000244140625,137.88999938964844,185.6300048828125,58.76499938964844,178.47000122070312,805.3300170898438,439.2349853515625,186.69500732421875,86.83999633789062,168.6300048828125,522.0999755859375,304.5299987792969,162.85000610351562,197.77000427246094,128.9600067138672,436.5299987792969,256.42999267578125,187.1300048828125,220.72000122070312,482.2300109863281,28.614999771118164,211.91000366210938,199.8903045654297,73.41999816894531,228.4499969482422
2026-01-07 18:16:00+00:00,261.4800109863281,139.02499389648438,340.2225036621094,289.92999267578125,261.1300048828125,295.3999938964844,114.05999755859375,421.93499755859375,292.7449951171875,210.0500030517578,340.6099853515625,244.9499053955078,637.880126953125,115.0,1223.510009765625,346.55950927734375,620.0999755859375,95.08000183105469,,48.48500061035156,,323.94000244140625,341.0199890136719,209.35000610351562,27.655000686645508,888.0,38.24980163574219,484.4100036621094,74.83499908447266,65.41000366210938,35.51499938964844,188.16000366210938,84.39990234375,232.44500732421875,144.9550018310547,70.31500244140625,204.375,43.15999984741211,140.04110717773438,40.79499816894531,67.81999969482422,80.55000305175781,86.29000091552734,123.08000183105469,321.44500732421875,320.9753112792969,200.27000427246094,721.030029296875,174.93499755859375,42.75,655.989990234375,598.4650268554688,27.235000610351562,23.094999313354492,1354.550048828125,435.3299865722656,201.11500549316406,321.510009765625,72.5999984741211,51.70000076293945,2176.0,652.0050048828125,76.73999786376953,,84.2061996459961,488.2381896972656,161.93499755859375,340.1200866699219,91.03500366210938,189.8433074951172,236.84500122070312,167.25999450683594,90.66999816894531,194.8350067138672,112.05999755859375,116.37999725341797,121.18000030517578,137.90589904785156,185.75999450683594,58.78499984741211,178.39999389648438,805.2999877929688,439.2200012207031,186.75999450683594,86.9000015258789,168.6649932861328,522.2550048828125,304.639892578125,,197.8800048828125,,436.6200866699219,256.5899963378906,187.17999267578125,220.82000732421875,482.2322998046875,28.614999771118164,211.9600067138672,199.69000244140625,73.41999816894531,228.4949951171875
2026-01-07 18:17:00+00:00,261.4549865722656,138.8699951171875,340.19000244140625,289.8599853515625,261.05999755859375,295.3299865722656,113.9800033569336,422.239990234375,292.67559814453125,210.02999877929688,340.55499267578125,244.97999572753906,638.7100219726562,114.9749984741211,1223.6400146484375,346.6199951171875,620.3300170898438,95.05010223388672,5453.240234375,48.47999954223633,85.2750015258789,324.1650085449219,341.04998779296875,209.34500122070312,27.655000686645508,888.1375122070312,38.25,484.54998779296875,74.8499984741211,65.37999725341797,35.505001068115234,,84.37999725341797,232.3300018310547,144.9600067138672,70.33999633789062,204.3800048828125,43.125,140.0500030517578,40.814998626708984,67.83999633789062,80.62000274658203,86.2300033569336,123.05000305175781,321.32000732421875,320.82000732421875,200.0500030517578,720.75,,42.810001373291016,,598.0599975585938,27.230100631713867,23.094999313354492,1354.1300048828125,435.45001220703125,201.0749969482422,321.375,72.58999633789062,51.65999984741211,2176.0,651.6799926757812,76.7300033569336,,84.2384033203125,488.4750061035156,161.77999877929688,340.0000915527344,90.98500061035156,189.86500549316406,,167.17999267578125,90.66000366210938,195.19000244140625,112.06999969482422,116.3499984741211,121.16999816894531,137.96499633789062,185.88999938964844,58.75,178.27999877929688,804.7899780273438,439.3699951171875,186.72999572753906,86.875,168.85000610351562,522.3150024414062,304.3900146484375,162.96499633789062,197.86199951171875,128.99000549316406,436.5491943359375,,187.21499633789062,220.8300018310547,482.30999755859375,28.635000228881836,212.0,199.625,73.4000015258789,228.63499450683594
2026-01-07 18:18:00+00:00,261.3500061035156,138.91009521484375,340.19000244140625,289.989990234375,261.05999755859375,295.2900085449219,113.98999786376953,422.8699951171875,292.7650146484375,209.82420349121094,340.55499267578125,244.89999389648438,638.6199951171875,114.9749984741211,1223.6400146484375,346.68499755859375,620.1849975585938,95.06999969482422,5442.240234375,48.439998626708984,85.33000183105469,324.1700134277344,340.81500244140625,,27.649999618530273,888.3300170898438,38.26499938964844,484.739990234375,74.86000061035156,65.26499938964844,35.540000915527344,,84.38500213623047,232.40499877929688,145.0,70.34500122070312,204.375,43.130001068115234,139.97000122070312,40.82500076293945,67.8499984741211,80.51000213623047,86.21499633789062,123.04000091552734,321.5400085449219,321.05999755859375,200.0850067138672,720.6199951171875,174.8300018310547,42.71699905395508,656.4000244140625,597.8800048828125,27.235000610351562,23.094999313354492,1353.72998046875,435.3599853515625,200.8704071044922,321.3699951171875,72.5999984741211,51.655399322509766,2176.06494140625,651.760009765625,76.7249984741211,945.3400268554688,84.23999786376953,488.3399963378906,161.75,339.8399963378906,90.97000122070312,189.82000732421875,236.7899932861328,167.19000244140625,90.69499969482422,195.48809814453125,112.07499694824219,116.44999694824219,121.17500305175781,137.92999267578125,186.0749969482422,58.720001220703125,178.26499938964844,805.280029296875,439.364990234375,,86.8499984741211,168.77000427246094,522.6599731445312,304.0,162.8699951171875,197.80999755859375,129.02999877929688,436.4800109863281,,187.16000366210938,220.8800048828125,482.10009765625,28.625,212.01499938964844,199.5500030517578,73.4000015258789,228.67999267578125
2026-01-07 18:19:00+00:00,261.3699951171875,138.8699951171875,340.1499938964844,289.7349853515625,261.07501220703125,295.3139953613281,114.04000091552734,423.0,292.6000061035156,209.8800048828125,340.57501220703125,244.97000122070312,637.8900146484375,114.98999786376953,1223.8699951171875,346.47760009765625,620.510009765625,95.08000183105469,5438.2001953125,48.41999816894531,85.3010025024414,323.8900146484375,339.5,209.32000732421875,27.65999984741211,887.9949951171875,38.27000045776367,484.6099853515625,74.83999633789062,65.25,35.525001525878906,188.27499389648438,84.40350341796875,232.35000610351562,144.9600067138672,70.34500122070312,,43.154998779296875,140.02499389648438,40.869998931884766,67.88999938964844,80.5,86.2300033569336,123.13999938964844,321.6199951171875,321.1099853515625,200.13999938964844,721.030029296875,174.77000427246094,42.70500183105469,656.0399780273438,597.22998046875,27.229999542236328,23.112699508666992,1353.43994140625,435.4100036621094,200.69500732421875,321.3699951171875,72.55999755859375,51.666099548339844,2177.080078125,652.1138916015625,76.7300033569336,945.3300170898438,84.16560363769531,488.3500061035156,161.6999969482422,339.5,90.9800033569336,189.82000732421875,236.49000549316406,,90.7300033569336,195.53500366210938,112.04000091552734,116.41999816894531,121.16999816894531,137.99000549316406,186.1300048828125,58.75,178.25999450683594,805.27001953125,439.364990234375,186.6699981689453,86.91000366210938,168.72000122070312,521.8599853515625,303.92999267578125,162.75,197.90750122070312,,436.9200134277344,256.5299987792969,187.10000610351562,220.8350067138672,482.57000732421875,28.625,211.9600067138672,199.36990356445312,73.4000015258789,228.63499450683594
2026-01-07 18:20:00+00:00,261.239990234375,138.75999450683594,340.4200134277344,289.7900085449219,261.06500244140625,295.17999267578125,114.0,423.3299865722656,292.4200134277344,209.89999389648438,340.5299987792969,245.02999877929688,637.7100219726562,115.0,1222.8699951171875,346.489990234375,619.9299926757812,95.08000183105469,,48.404998779296875,85.16000366210938,324.1099853515625,339.739990234375,209.51499938964844,27.665000915527344,888.219970703125,38.29999923706055,484.6700134277344,74.83499908447266,65.15499877929688,35.56999969482422,,84.42500305175781,232.3249969482422,144.8000030517578,70.36000061035156,,43.14500045776367,139.8800048828125,40.8849983215332,,80.52999877929688,86.2300033569336,123.08000183105469,321.4100036621094,320.900390625,200.05999755859375,720.9450073242188,174.8574981689453,42.709999084472656,655.60498046875,597.02001953125,27.235000610351562,23.125,1353.8599853515625,435.3999938964844,200.90499877929688,321.3900146484375,72.52999877929688,51.68000030517578,2176.19287109375,652.0700073242188,76.75,947.8499755859375,84.18000030517578,488.3699951171875,161.85000610351562,339.4549865722656,90.95999908447266,189.84500122070312,236.7100067138672,167.16510009765625,90.7300033569336,195.54989624023438,112.06999969482422,116.44499969482422,121.18000030517578,137.92649841308594,186.05020141601562,58.779998779296875,178.25999450683594,805.0,439.364990234375,186.7449951171875,86.97589874267578,168.6199951171875,521.0499877929688,304.0,,197.92999267578125,,436.92498779296875,256.5400085449219,187.10000610351562,220.9499969482422,482.70001220703125,28.625,211.97999572753906,199.26010131835938,73.4000015258789,228.52999877929688
2026-01-07 18:21:00+00:00,261.3299865722656,138.71499633789062,340.3500061035156,289.8800048828125,261.11138916015625,295.2099914550781,114.01000213623047,423.07501220703125,292.2699890136719,209.87649536132812,340.3800048828125,244.88330078125,637.5,114.93000030517578,1222.9300537109375,346.42999267578125,620.2899780273438,95.04000091552734,5432.55517578125,48.380001068115234,85.21499633789062,324.0899963378906,339.6600036621094,209.39999389648438,27.665000915527344,888.1300048828125,38.29999923706055,484.9549865722656,74.88500213623047,65.22000122070312,35.58689880371094,188.36000061035156,84.41999816894531,232.3249969482422,144.97999572753906,70.33000183105469,204.375,43.165000915527344,139.8699951171875,40.900001525878906,67.88999938964844,80.58999633789062,86.23999786376953,123.04499816894531,321.6099853515625,321.1099853515625,200.11500549316406,721.0800170898438,174.75,42.61289978027344,655.5599975585938,596.9500122070312,27.235000610351562,23.114999771118164,1353.9300537109375,435.5249938964844,200.74000549316406,321.2099914550781,72.5,51.67499923706055,2176.14990234375,652.0399780273438,76.73500061035156,947.625,84.0885009765625,488.3699951171875,161.84500122070312,339.2799987792969,90.98979949951172,189.80999755859375,236.64999389648438,167.1699981689453,90.73500061035156,195.60000610351562,112.04000091552734,116.5,121.125,137.89999389648438,185.92999267578125,58.779998779296875,178.22000122070312,804.969970703125,439.625,186.72000122070312,86.92500305175781,168.59129333496094,520.9450073242188,303.4599914550781,162.75,197.8813018798828,,436.77520751953125,256.6400146484375,187.10000610351562,220.8800048828125,482.4584045410156,28.6200008392334,212.10000610351562,199.375,73.41500091552734,228.75
2026-01-07 18:22:00+00:00,261.28509521484375,138.75999450683594,340.4750061035156,289.8900146484375,261.0799865722656,295.19000244140625,113.98500061035156,422.55499267578125,292.3699951171875,209.8699951171875,340.3450012207031,244.73500061035156,637.5501098632812,114.94999694824219,1222.6099853515625,346.57000732421875,620.2050170898438,95.04000091552734,5431.72509765625,48.36000061035156,85.16000366210938,324.239990234375,339.9100036621094,209.4499969482422,27.68000030517578,888.114990234375,38.30500030517578,485.1199951171875,74.90499877929688,65.25499725341797,35.595001220703125,188.40499877929688,84.43000030517578,232.61500549316406,144.86990356445312,70.31500244140625,,43.154998779296875,139.875,40.915000915527344,67.9000015258789,80.56999969482422,,122.8949966430664,321.3550109863281,320.8550109863281,200.11000061035156,720.8150024414062,174.55999755859375,42.595001220703125,655.9299926757812,597.1824951171875,27.235000610351562,23.104999542236328,1353.7183837890625,435.6300048828125,200.75,321.32000732421875,72.4800033569336,51.67499923706055,2175.10009765625,652.031982421875,76.72000122070312,948.4600219726562,84.11499786376953,488.2305908203125,161.76499938964844,339.2001037597656,90.9749984741211,189.75999450683594,236.69000244140625,167.2899932861328,90.72000122070312,195.63499450683594,112.04000091552734,116.5199966430664,121.12999725341797,137.8300018310547,185.91000366210938,58.79499816894531,178.23500061035156,804.6287231445312,439.726806640625,186.77000427246094,86.92500305175781,168.6699981689453,521.5,303.44000244140625,162.86000061035156,197.84500122070312,129.02499389648438,436.7550048828125,256.6400146484375,187.14999389648438,220.78500366210938,482.6424865722656,28.6200008392334,212.07000732421875,199.8300018310547,73.43599700927734,228.8800048828125
2026-01-07 18:23:00+00:00,261.2200012207031,138.69000244140625,340.4700012207031,289.8799133300781,261.0799865722656,295.510009765625,113.98999786376953,422.30999755859375,292.364990234375,209.91000366210938,340.18548583984375,244.91000366210938,637.9600219726562,114.9749984741211,1222.5799560546875,346.8500061035156,620.530029296875,95.07469940185547,5421.2099609375,48.369998931884766,85.18000030517578,324.19000244140625,340.260009765625,209.5399932861328,27.664499282836914,888.1224975585938,38.30500030517578,485.5799865722656,74.90499877929688,65.22000122070312,35.6150016784668,,84.40499877929688,232.67999267578125,144.75,70.28500366210938,204.3800048828125,43.15999984741211,139.74000549316406,40.904998779296875,67.9000015258789,80.5999984741211,86.27999877929688,123.03500366210938,321.25250244140625,320.7200012207031,200.07400512695312,720.469970703125,174.61000061035156,42.584999084472656,656.0,,27.229999542236328,23.094999313354492,1354.22998046875,435.69000244140625,200.86000061035156,321.2250061035156,72.41500091552734,51.65999984741211,2175.985107421875,652.125,76.80000305175781,948.3300170898438,84.16000366210938,488.3699951171875,161.58999633789062,339.6000061035156,91.0198974609375,189.80990600585938,236.55999755859375,167.52000427246094,90.7300033569336,195.86000061035156,112.0199966430664,116.4800033569336,121.18000030517578,137.83999633789062,185.64999389648438,58.84000015258789,178.31500244140625,804.5549926757812,439.7300109863281,186.83999633789062,86.93499755859375,168.69569396972656,521.969970703125,304.0950012207031,162.85000610351562,197.8300018310547,129.00999450683594,436.8999938964844,256.67999267578125,187.1300048828125,220.7899932861328,482.54998779296875,28.614999771118164,212.0500030517578,199.5800018310547,73.45999908447266,228.89999389648438
2026-01-07 18:24:00+00:00,261.19000244140625,138.72000122070312,340.5849914550781,289.8800048828125,261.0150146484375,295.5400085449219,113.92500305175781,422.05499267578125,292.3399963378906,209.8699951171875,340.2699890136719,244.8249969482422,637.2855224609375,114.94519805908203,1222.8499755859375,346.8599853515625,,95.06500244140625,5425.2451171875,48.38999938964844,85.16000366210938,324.20001220703125,339.8999938964844,209.4149932861328,27.674999237060547,888.0349731445312,38.279998779296875,485.260009765625,74.89540100097656,65.2249984741211,35.595001220703125,,84.42990112304688,232.65499877929688,144.69000244140625,70.30999755859375,,43.125,139.57000732421875,40.91999816894531,67.87999725341797,80.66000366210938,86.30000305175781,123.0,321.2950134277344,320.7799987792969,200.07000732421875,720.030029296875,174.5800018310547,42.613800048828125,656.0,597.2000122070312,27.235000610351562,23.084999084472656,1355.469970703125,435.6099853515625,200.85000610351562,321.0799865722656,72.44000244140625,51.64500045776367,2176.9599609375,652.1799926757812,76.7699966430664,947.6400146484375,84.1500015258789,488.6300048828125,161.4199981689453,339.4100036621094,91.05500030517578,189.82000732421875,236.72999572753906,167.36000061035156,90.80000305175781,195.76499938964844,112.0199966430664,116.43000030517578,,137.7628936767578,185.25,58.849998474121094,178.33999633789062,803.5499877929688,439.875,186.86000061035156,86.95010375976562,168.62010192871094,522.119873046875,303.8999938964844,162.9739990234375,197.8699951171875,129.0050048828125,436.8949890136719,,187.05999755859375,220.88999938964844,482.6499938964844,28.614999771118164,212.1699981689453,199.25999450683594,,228.92999267578125
2026-01-07 18:25:00+00:00,261.0899963378906,138.64999389648438,340.5,289.8299865722656,260.9599914550781,295.19000244140625,113.94000244140625,421.739990234375,292.3599853515625,209.80999755859375,339.7449951171875,244.6199951171875,637.4299926757812,114.95500183105469,1222.5699462890625,346.7099914550781,,95.03500366210938,5413.58984375,48.39500045776367,,324.0400085449219,339.7200012207031,209.35000610351562,27.665000915527344,887.8284301757812,38.29499816894531,485.0199890136719,74.8499984741211,65.19000244140625,35.595001220703125,188.32000732421875,84.38999938964844,232.53500366210938,144.60000610351562,70.26000213623047,204.375,43.125,139.64500427246094,40.91999816894531,67.87999725341797,80.6500015258789,86.27999877929688,122.93000030517578,321.6499938964844,321.1000061035156,200.07000732421875,720.0150146484375,174.3699951171875,42.654998779296875,655.85498046875,596.3099975585938,27.225000381469727,23.084999084472656,1355.47998046875,435.5975036621094,200.86000061035156,321.010009765625,72.43000030517578,51.64500045776367,2175.469970703125,651.760009765625,76.7699966430664,948.760009765625,84.11000061035156,488.2550048828125,161.04989624023438,339.2149963378906,91.0,189.77000427246094,236.56500244140625,167.27999877929688,90.80000305175781,195.85000610351562,112.0199966430664,116.43000030517578,121.16999816894531,137.75999450683594,185.24000549316406,58.82500076293945,178.19500732421875,803.0750122070312,439.760009765625,186.8699951171875,86.94999694824219,168.6750030517578,522.0800170898438,304.0799865722656,162.86000061035156,197.8300018310547,,436.7900085449219,,186.9499969482422,220.86500549316406,482.9100036621094,28.610000610351562,212.11500549316406,199.1501007080078,73.42500305175781,228.76499938964844
2026-01-07 18:26:00+00:00,261.2099914550781,138.5399932861328,340.43499755859375,290.20831298828125,260.8800048828125,294.9700012207031,113.9000015258789,421.3599853515625,292.6000061035156,209.78500366210938,339.3949890136719,244.61500549316406,637.719970703125,114.97000122070312,,346.82501220703125,620.4749755859375,95.00499725341797,5423.40966796875,48.40999984741211,,324.090087890625,340.1199951171875,209.27000427246094,27.635000228881836,888.0999755859375,38.28150177001953,485.5400085449219,74.86000061035156,65.25,35.595001220703125,188.32000732421875,84.36000061035156,232.5050048828125,144.59500122070312,70.29000091552734,204.3800048828125,43.119998931884766,139.5800018310547,40.92499923706055,67.87000274658203,80.69000244140625,86.26000213623047,122.92500305175781,321.9949951171875,321.4800109863281,200.0399932861328,720.010009765625,174.3300018310547,42.654998779296875,656.0,596.5344848632812,27.225000381469727,23.075000762939453,1356.4898681640625,435.5450134277344,200.8800048828125,320.9700012207031,72.43000030517578,51.64500045776367,2173.280029296875,651.8800048828125,76.7699966430664,947.64501953125,84.0999984741211,488.3599853515625,161.16000366210938,339.6000061035156,90.9800033569336,189.86000061035156,236.6199951171875,167.16000366210938,90.77749633789062,195.86000061035156,112.00499725341797,116.42500305175781,121.16000366210938,137.66000366210938,185.13999938964844,58.790000915527344,178.1750030517578,801.9949951171875,439.8299865722656,186.8800048828125,86.93299865722656,168.66000366210938,522.5599975585938,304.57000732421875,162.6999969482422,197.8000030517578,128.97999572753906,436.5087890625,256.55999755859375,186.89999389648438,220.875,482.79998779296875,28.614999771118164,211.99000549316406,199.19000244140625,73.3949966430664,228.8699951171875
2026-01-07 18:27:00+00:00,261.2300109863281,138.52499389648438,340.42999267578125,290.2016906738281,260.8599853515625,294.82000732421875,,420.79998779296875,292.63250732421875,209.97000122070312,339.875,244.6300048828125,637.6199951171875,114.97000122070312,1223.47998046875,346.8450012207031,,95.04000091552734,5410.27001953125,48.43000030517578,85.16000366210938,324.2749938964844,339.9649963378906,209.2050018310547,27.645000457763672,887.77001953125,38.275001525878906,485.80999755859375,74.86260223388672,65.16999816894531,35.584999084472656,188.22999572753906,84.36000061035156,232.74000549316406,144.61000061035156,70.2699966430664,204.375,43.115501403808594,139.5749969482422,40.915000915527344,67.87999725341797,80.70999908447266,,122.94999694824219,322.3699951171875,321.8638000488281,199.94500732421875,720.1600952148438,174.3000030517578,42.669898986816406,656.3800048828125,596.4000244140625,27.219999313354492,23.075000762939453,1356.2950439453125,435.4700012207031,201.00999450683594,320.87249755859375,72.41999816894531,51.64500045776367,2173.27001953125,652.0582885742188,76.75499725341797,948.77001953125,84.06999969482422,488.42498779296875,160.96499633789062,339.45001220703125,91.01499938964844,189.7949981689453,236.66000366210938,167.17999267578125,90.7300033569336,195.93499755859375,111.9800033569336,116.31999969482422,121.16000366210938,137.61000061035156,185.1990966796875,58.76499938964844,178.0500030517578,802.10498046875,439.7099914550781,186.83999633789062,86.95999908447266,168.64500427246094,522.344970703125,304.94000244140625,162.64999389648438,197.83999633789062,128.9499969482422,436.4197082519531,256.7900085449219,186.88999938964844,220.71499633789062,483.2900085449219,28.614999771118164,211.9550018310547,199.5500030517578,73.38999938964844,228.86000061035156
2026-01-07 18:28:00+00:00,261.2099914550781,138.3249969482422,340.2049865722656,290.2200012207031,260.81500244140625,294.7850036621094,113.87000274658203,420.6600036621094,292.5400085449219,209.86000061035156,339.8399963378906,244.8199005126953,636.97998046875,114.91000366210938,1222.9599609375,346.69000244140625,620.5700073242188,95.05500030517578,,48.41999816894531,85.19000244140625,324.07501220703125,339.9599914550781,209.22000122070312,27.645000457763672,887.719970703125,38.255001068115234,485.5555114746094,74.8550033569336,65.125,35.60499954223633,,84.3499984741211,232.50999450683594,144.55520629882812,70.26000213623047,204.3800048828125,43.119998931884766,139.47000122070312,40.89500045776367,,80.62000274658203,86.26499938964844,122.9749984741211,322.1300048828125,321.6199951171875,199.9499969482422,720.5900268554688,174.3000030517578,42.67060089111328,655.77001953125,596.4249877929688,27.21500015258789,23.084999084472656,1356.0999755859375,435.5299987792969,200.89500427246094,320.7749938964844,72.41000366210938,51.654998779296875,2174.81005859375,652.0800170898438,76.72000122070312,946.760009765625,84.10169982910156,488.3399963378906,161.08999633789062,339.1300048828125,90.9749984741211,189.6699981689453,236.5500030517578,167.28500366210938,90.69499969482422,195.85450744628906,112.04000091552734,116.36000061035156,121.1500015258789,137.6199951171875,185.1750030517578,58.79899978637695,178.02000427246094,802.7000122070312,439.67999267578125,186.88999938964844,86.8550033569336,168.4600067138672,522.27001953125,304.7049865722656,162.22999572753906,197.89500427246094,128.84500122070312,436.409912109375,256.8949890136719,186.85499572753906,220.7449951171875,483.20001220703125,28.604999542236328,211.92999267578125,199.42999267578125,73.38999938964844,228.6999969482422
2026-01-07 18:29:00+00:00,261.2200012207031,138.42999267578125,340.3399963378906,290.0899963378906,260.81500244140625,294.7049865722656,113.8949966430664,420.25,292.3550109863281,209.6800994873047,339.95001220703125,244.89999389648438,636.657470703125,114.90399932861328,1222.93505859375,346.57501220703125,620.3925170898438,95.1500015258789,5413.43408203125,48.404998779296875,85.20500183105469,324.1000061035156,339.8399963378906,209.16000366210938,27.645000457763672,887.2849731445312,38.27000045776367,485.5849914550781,74.8499984741211,65.04000091552734,35.595001220703125,188.17999267578125,84.36000061035156,232.5050048828125,144.4199981689453,70.2750015258789,,43.1150016784668,139.47000122070312,40.904998779296875,,80.62000274658203,86.25,122.9749984741211,322.2099914550781,321.6700134277344,200.03500366210938,719.5650024414062,174.27000427246094,42.64500045776367,655.469970703125,596.2999877929688,27.209999084472656,23.094999313354492,1355.8399658203125,435.67999267578125,200.7899932861328,320.8999938964844,72.3655014038086,51.65999984741211,2174.280029296875,652.1799926757812,76.68000030517578,947.5,84.06999969482422,488.3200988769531,161.3800048828125,338.8399963378906,90.93499755859375,189.625,236.67999267578125,167.30499267578125,90.68000030517578,195.87399291992188,112.04499816894531,116.33499908447266,121.16999816894531,137.66000366210938,185.0749969482422,58.79999923706055,177.89999389648438,802.6099853515625,439.5270080566406,186.82040405273438,86.83999633789062,168.5500030517578,522.3599853515625,304.4158020019531,162.41000366210938,197.8800048828125,128.8699951171875,436.34710693359375,256.6199951171875,186.7899932861328,220.80499267578125,483.260009765625,28.600000381469727,211.9550018310547,199.2100067138672,73.38999938964844,228.57000732421875
2026-01-07 18:30:00+00:00,261.3800048828125,138.46499633789062,340.42999267578125,290.1650085449219,260.9700012207031,294.5400085449219,113.94000244140625,420.6099853515625,292.260009765625,209.9250030517578,339.7900085449219,244.9398956298828,637.5499877929688,114.91000366210938,1222.8599853515625,346.82000732421875,620.35498046875,95.12000274658203,,48.43000030517578,,324.18499755859375,340.0661926269531,209.19000244140625,27.64550018310547,886.739990234375,38.29499816894531,486.0,74.8499984741211,64.86000061035156,35.59270095825195,188.27000427246094,84.37000274658203,232.49000549316406,144.55999755859375,70.29000091552734,204.375,43.125,139.52499389648438,40.89500045776367,67.88999938964844,80.67500305175781,86.25499725341797,123.0,322.9100036621094,322.4700927734375,199.97000122070312,719.760009765625,174.22999572753906,42.68000030517578,655.469970703125,596.4299926757812,27.204999923706055,23.101499557495117,1355.68505859375,435.94000244140625,200.85000610351562,321.1300048828125,72.33999633789062,51.64500045776367,2174.35009765625,652.1599731445312,76.68000030517578,947.5,84.1449966430664,488.44500732421875,161.8800048828125,338.92999267578125,90.91999816894531,189.72999572753906,,167.22999572753906,90.68280029296875,196.00999450683594,112.05000305175781,116.41999816894531,121.16999816894531,137.71339416503906,185.5,58.81999969482422,177.85000610351562,802.260009765625,439.6499938964844,186.8699951171875,86.84719848632812,168.47999572753906,522.4500122070312,304.3450012207031,162.72250366210938,197.80999755859375,,436.6239013671875,,186.72999572753906,220.80499267578125,483.1099853515625,28.610000610351562,211.94500732421875,199.3800048828125,73.41000366210938,228.59500122070312
2026-01-07 18:31:00+00:00,261.1700134277344,138.47000122070312,340.36749267578125,289.9049987792969,260.93499755859375,294.8299865722656,113.91000366210938,420.9949951171875,292.1600036621094,209.85000610351562,339.8500061035156,244.85000610351562,636.6500244140625,114.8499984741211,1222.3800048828125,346.54998779296875,,95.0999984741211,,48.380001068115234,85.18000030517578,324.1449890136719,339.5,209.1750030517578,27.614999771118164,886.8499755859375,38.29499816894531,485.7408142089844,74.83499908447266,64.90499877929688,35.584999084472656,188.27000427246094,84.33999633789062,232.63499450683594,144.51499938964844,70.27999877929688,,43.125,139.47999572753906,40.8849983215332,67.9000015258789,80.66999816894531,86.2300033569336,123.0,322.8900146484375,322.4588928222656,199.75,719.1799926757812,174.17999267578125,42.66999816894531,655.1900024414062,596.239990234375,27.204999923706055,23.094999313354492,1354.7900390625,435.9949951171875,200.85000610351562,321.04998779296875,72.33999633789062,51.619998931884766,2171.030029296875,651.9500122070312,76.69000244140625,947.39501953125,84.04000091552734,488.4100036621094,162.0590057373047,338.9219970703125,90.86000061035156,189.5753936767578,236.50999450683594,167.22500610351562,90.6500015258789,196.08999633789062,112.01499938964844,116.36000061035156,121.16999816894531,137.7100067138672,185.19009399414062,58.82500076293945,177.79989624023438,801.865478515625,439.7699890136719,186.92999267578125,86.80500030517578,168.39999389648438,522.2999877929688,304.57501220703125,162.64999389648438,197.7899932861328,128.86000061035156,436.2850036621094,256.9549865722656,186.67999267578125,220.8300018310547,483.2724914550781,28.600000381469727,211.92999267578125,199.22999572753906,73.4000015258789,228.68499755859375
2026-01-07 18:32:00+00:00,261.4150085449219,138.5,340.26300048828125,289.82501220703125,260.8599853515625,294.54998779296875,113.86000061035156,421.0899963378906,292.1700134277344,209.80999755859375,339.67010498046875,244.88999938964844,637.3699951171875,114.84750366210938,1222.300048828125,346.6000061035156,621.0499877929688,95.11000061035156,5409.490234375,48.3849983215332,85.17749786376953,324.19500732421875,339.7828063964844,209.30999755859375,27.625,886.3800048828125,38.29499816894531,485.25,74.84329986572266,64.98999786376953,35.57500076293945,188.25,84.36499786376953,232.6999969482422,144.42999267578125,70.3499984741211,204.375,43.10499954223633,139.5500030517578,40.8650016784668,,80.625,86.19000244140625,122.9800033569336,323.10009765625,322.7200012207031,199.44000244140625,,174.1649932861328,42.665000915527344,655.4199829101562,595.9099731445312,27.19499969482422,23.094999313354492,1355.8499755859375,436.29998779296875,200.97000122070312,321.0899963378906,72.33999633789062,51.6349983215332,2172.4951171875,652.22998046875,76.68009948730469,945.3150024414062,84.06999969482422,488.25,162.22500610351562,338.70001220703125,90.8550033569336,189.56500244140625,236.5,166.9199981689453,90.6449966430664,196.06500244140625,112.0199966430664,116.29000091552734,121.16000366210938,137.61000061035156,185.23500061035156,58.83539962768555,177.75999450683594,802.22998046875,439.7358093261719,187.00999450683594,86.6240005493164,168.3000030517578,522.219970703125,304.48529052734375,162.58999633789062,197.78500366210938,,436.20001220703125,256.7200012207031,186.35000610351562,220.8300018310547,483.3299865722656,28.600000381469727,212.00999450683594,199.3000946044922,73.3949966430664,228.6199951171875
2026-01-07 18:33:00+00:00,261.5400085449219,138.4541015625,340.239990234375,289.760009765625,260.8887939453125,294.5799865722656,113.83000183105469,421.18499755859375,292.43499755859375,209.92999267578125,340.0799865722656,245.0399932861328,637.5499877929688,114.83999633789062,1222.8599853515625,346.6575012207031,620.6849975585938,95.18000030517578,5404.509765625,48.3849983215332,85.17500305175781,324.20001220703125,339.7699890136719,209.27000427246094,27.635400772094727,886.25,38.314998626708984,485.70001220703125,74.84500122070312,64.87000274658203,35.56999969482422,,84.37999725341797,232.85499572753906,144.4499969482422,70.27999877929688,204.375,43.099998474121094,139.50999450683594,40.845001220703125,67.9000015258789,80.66999816894531,86.19999694824219,123.0,323.5899963378906,323.25,199.43499755859375,719.8300170898438,174.0800018310547,42.71500015258789,655.2750244140625,595.5850219726562,27.19499969482422,23.086000442504883,1356.75,436.5199890136719,201.0800018310547,321.0450134277344,72.32499694824219,51.625,2173.949951171875,652.4299926757812,76.6449966430664,944.5499877929688,84.04989624023438,488.45001220703125,162.02999877929688,338.9704895019531,90.84500122070312,189.64999389648438,236.5399932861328,166.92999267578125,90.66999816894531,196.1300048828125,112.02999877929688,116.26000213623047,121.15499877929688,137.55999755859375,185.39500427246094,58.810001373291016,177.75,803.280029296875,,187.11000061035156,86.66000366210938,168.4600067138672,522.4500122070312,304.62750244140625,162.60000610351562,197.75,,436.6418151855469,256.7850036621094,186.36000061035156,220.8300018310547,483.45001220703125,28.603900909423828,212.1300048828125,199.3000030517578,73.4000015258789,228.8699951171875
2026-01-07 18:34:00+00:00,261.43011474609375,138.52000427246094,340.2799987792969,289.6700134277344,260.8550109863281,294.55999755859375,,421.18499755859375,292.4849853515625,210.0,340.1300048828125,245.19000244140625,637.4099731445312,114.87000274658203,1223.1500244140625,346.7349853515625,,95.1675033569336,5408.7099609375,48.41999816894531,85.18000030517578,324.135009765625,339.79998779296875,209.2550048828125,27.625,886.239990234375,38.310001373291016,485.4949951171875,74.8550033569336,64.74500274658203,35.57500076293945,188.30999755859375,84.4000015258789,232.9149932861328,144.51499938964844,70.26000213623047,204.36500549316406,43.095001220703125,139.49000549316406,40.84000015258789,67.92500305175781,80.7249984741211,86.23999786376953,122.97000122070312,324.1099853515625,323.7300109863281,199.36000061035156,719.969970703125,174.0800018310547,42.767398834228516,655.52001953125,595.5750122070312,27.19499969482422,23.094999313354492,1356.75,436.7049865722656,201.0800018310547,321.2049865722656,72.33999633789062,51.60260009765625,2173.719970703125,652.8300170898438,76.63999938964844,946.1500244140625,84.11000061035156,488.54998779296875,162.0399932861328,339.17059326171875,90.8499984741211,189.7003936767578,236.5800018310547,167.0500030517578,90.69999694824219,196.13400268554688,112.0,116.2699966430664,121.20999908447266,137.53500366210938,185.36500549316406,58.82500076293945,177.75999450683594,802.6900024414062,439.7550048828125,187.13999938964844,86.66999816894531,168.6699981689453,522.47998046875,305.0150146484375,162.6750030517578,197.7899932861328,128.94000244140625,436.59539794921875,256.7900085449219,186.35499572753906,220.8000030517578,483.70001220703125,28.604999542236328,212.1199951171875,199.36000061035156,73.38999938964844,229.0
2026-01-07 18:35:00+00:00,261.3949890136719,138.5399932861328,340.4100036621094,289.80999755859375,260.8299865722656,294.5400085449219,113.80000305175781,420.8599853515625,292.56500244140625,209.90499877929688,339.75,245.0800018310547,637.3300170898438,114.95500183105469,1223.030029296875,346.5899963378906,620.614990234375,95.16000366210938,5412.18017578125,48.369998931884766,85.16000366210938,323.9200134277344,339.3599853515625,209.3300018310547,27.639999389648438,885.9450073242188,38.314998626708984,485.4049987792969,74.84500122070312,64.8949966430664,35.584999084472656,188.4550018310547,84.44999694824219,232.94500732421875,144.24000549316406,70.25,204.3699951171875,43.08000183105469,139.6199951171875,40.8400993347168,67.88999938964844,80.69999694824219,86.2300033569336,122.96499633789062,324.3680114746094,324.0199890136719,199.3074951171875,719.8699951171875,173.7100067138672,42.834999084472656,655.3499755859375,595.375,27.184999465942383,23.087900161743164,1356.7900390625,436.9100036621094,201.0301055908203,321.2049865722656,72.41000366210938,51.60499954223633,2173.739990234375,652.6099853515625,76.73999786376953,945.8800048828125,84.19000244140625,488.3599853515625,161.9949951171875,339.2099914550781,90.83000183105469,189.58999633789062,236.625,166.88999938964844,90.68000030517578,195.9499969482422,111.97000122070312,116.2300033569336,121.22000122070312,137.47000122070312,185.0399932861328,58.814998626708984,177.75,802.7949829101562,439.7449951171875,187.2100067138672,86.66999816894531,168.7550048828125,522.2550048828125,305.05999755859375,162.79010009765625,197.75999450683594,,436.489990234375,256.69500732421875,186.39999389648438,220.82000732421875,483.7200012207031,28.604999542236328,212.11000061035156,199.1649932861328,73.36000061035156,228.8834991455078
2026-01-07 18:36:00+00:00,261.4849853515625,138.625,340.2699890136719,289.79998779296875,260.8450012207031,294.4049987792969,113.77999877929688,420.8900146484375,292.56500244140625,209.90719604492188,339.45001220703125,245.0301055908203,637.1651000976562,114.91999816894531,1222.3599853515625,346.70001220703125,620.614990234375,95.16000366210938,,48.35499954223633,85.20999908447266,323.8699951171875,339.44000244140625,209.33999633789062,27.6299991607666,886.010009765625,38.30500030517578,485.19000244140625,74.88999938964844,64.93000030517578,35.57500076293945,188.47500610351562,84.46499633789062,233.0697021484375,144.03799438476562,70.27999877929688,204.3699951171875,43.05009841918945,139.76499938964844,40.845001220703125,67.91000366210938,80.61000061035156,86.23500061035156,122.86000061035156,324.07000732421875,323.6600036621094,199.36000061035156,719.4550170898438,173.625,42.89939880371094,655.5250244140625,595.0800170898438,27.184999465942383,23.093000411987305,1356.31005859375,436.5950012207031,201.11500549316406,321.4200134277344,72.34200286865234,51.6150016784668,2172.135009765625,652.4299926757812,76.75499725341797,946.3800048828125,84.27999877929688,488.3500061035156,161.9199981689453,338.8901062011719,90.8230972290039,189.5449981689453,236.5,,90.68000030517578,195.69119262695312,111.91000366210938,116.26000213623047,121.19999694824219,137.5800018310547,185.2100067138672,58.81999969482422,177.4149932861328,803.3099975585938,439.81500244140625,187.18499755859375,86.76000213623047,168.57000732421875,522.0675048828125,304.82501220703125,162.69500732421875,197.7342071533203,,436.45001220703125,,186.17999267578125,220.8699951171875,483.8900146484375,28.614999771118164,,198.80999755859375,73.37999725341797,228.74000549316406
2026-01-07 18:37:00+00:00,261.4693908691406,138.57000732421875,340.4599914550781,289.7049865722656,260.9200134277344,294.50750732421875,113.83779907226562,420.4599914550781,292.6000061035156,209.80999755859375,339.2200012207031,245.1199951171875,637.469970703125,114.91999816894531,1223.1199951171875,346.3340148925781,620.6199951171875,95.125,5416.1748046875,48.41999816894531,85.20999908447266,323.8429870605469,339.29998779296875,209.39999389648438,27.635000228881836,886.35498046875,38.33000183105469,484.9200134277344,74.90010070800781,64.91000366210938,35.57500076293945,188.47500610351562,84.47000122070312,233.5780029296875,143.83999633789062,70.2750015258789,204.3800048828125,43.07500076293945,139.6999969482422,40.85499954223633,67.91999816894531,80.61000061035156,86.23999786376953,122.94989776611328,324.6994934082031,324.30999755859375,199.38999938964844,719.5999755859375,173.55999755859375,42.875,655.5150146484375,595.3250122070312,27.19499969482422,23.104999542236328,1356.0899658203125,436.5696105957031,201.17999267578125,321.5400085449219,72.37000274658203,51.665000915527344,2172.135009765625,652.344970703125,76.78500366210938,946.9500122070312,84.32679748535156,488.489990234375,162.11500549316406,338.8800048828125,90.84500122070312,189.60499572753906,236.56500244140625,166.89500427246094,90.70999908447266,195.80259704589844,111.95999908447266,116.30999755859375,121.21499633789062,137.51499938964844,185.32000732421875,58.85499954223633,177.5,803.1400146484375,439.65008544921875,187.1999969482422,86.79499816894531,168.55999755859375,522.219970703125,304.7149963378906,162.69000244140625,197.6999969482422,129.1199951171875,436.6700134277344,256.6400146484375,186.3300018310547,220.83999633789062,483.57501220703125,28.625,212.1300048828125,198.74000549316406,73.41000366210938,
2026-01-07 18:38:00+00:00,261.46978759765625,138.67999267578125,340.4200134277344,289.7049865722656,260.8450012207031,294.3299865722656,113.8550033569336,422.0849914550781,292.5899963378906,209.7100067138672,339.3374938964844,245.02999877929688,637.3300170898438,114.8499984741211,1223.77001953125,346.30999755859375,,95.0999984741211,5416.935546875,48.439998626708984,85.1500015258789,323.8800048828125,339.7300109863281,209.4250030517578,27.635000228881836,885.3900146484375,38.334999084472656,485.0199890136719,74.83999633789062,64.70500183105469,35.599998474121094,188.47500610351562,84.4749984741211,233.16000366210938,143.8800048828125,70.25,204.3800048828125,43.09000015258789,139.75999450683594,40.85499954223633,67.91999816894531,80.5907974243164,86.23999786376953,122.93000030517578,324.7200927734375,324.4100036621094,199.27000427246094,720.1699829101562,173.47000122070312,42.8765983581543,655.5250244140625,595.2650756835938,27.1875,23.099899291992188,1357.6500244140625,436.70001220703125,201.42999267578125,321.5950012207031,72.4000015258789,51.67499923706055,2172.12255859375,652.3200073242188,76.7699966430664,,84.33999633789062,488.44000244140625,162.0800018310547,338.80999755859375,90.83989715576172,189.60499572753906,236.63999938964844,166.89500427246094,90.72000122070312,195.6999969482422,,116.45500183105469,121.20999908447266,137.49000549316406,185.1750030517578,58.814998626708984,177.52000427246094,803.4000244140625,439.7900085449219,186.94000244140625,86.79499816894531,168.52000427246094,521.6749877929688,305.1000061035156,162.7100067138672,197.75,,436.6549987792969,256.80010986328125,186.44000244140625,220.98599243164062,483.2099914550781,28.625,212.03500366210938,198.89999389648438,73.43000030517578,228.83999633789062
2026-01-07 18:39:00+00:00,261.4599914550781,138.6300048828125,340.5,289.7200012207031,261.0400085449219,294.3500061035156,113.81999969482422,421.67999267578125,292.6700134277344,209.7449951171875,339.2799987792969,245.0399932861328,637.4650268554688,114.90499877929688,1224.074951171875,346.3500061035156,620.7050170898438,95.06500244140625,5420.0,48.435001373291016,85.18499755859375,323.8699951171875,339.75,209.48500061035156,27.642799377441406,885.385009765625,38.334999084472656,484.55499267578125,74.87000274658203,64.76000213623047,35.6150016784668,188.49000549316406,84.4800033569336,233.55499267578125,143.8249969482422,70.2699966430664,204.3800048828125,43.11000061035156,139.4199981689453,40.85499954223633,67.91999816894531,80.58999633789062,86.20010375976562,122.91999816894531,324.6000061035156,324.2900085449219,199.5399932861328,719.1500244140625,173.7899932861328,42.86000061035156,655.3400268554688,595.2775268554688,27.18000030517578,23.094999313354492,1358.050048828125,436.80999755859375,201.48500061035156,321.6025085449219,72.37999725341797,51.685001373291016,2171.925048828125,652.1849975585938,76.80999755859375,946.7449951171875,84.35559844970703,488.3399963378906,162.0500030517578,338.95001220703125,90.875,189.5800018310547,236.5500030517578,166.89500427246094,90.69000244140625,195.72999572753906,111.98500061035156,116.48999786376953,121.2699966430664,137.52999877929688,185.0,58.83000183105469,177.5,802.4500122070312,439.6549987792969,187.00999450683594,86.9801025390625,168.63499450683594,521.6400146484375,304.79998779296875,162.75,197.86000061035156,129.154296875,437.1000061035156,,186.36000061035156,220.99000549316406,483.239990234375,28.625,,198.92999267578125,73.42500305175781,228.7550048828125
2026-01-07 18:40:00+00:00,261.489990234375,138.63499450683594,340.6199951171875,289.7200012207031,261.1000061035156,294.3299865722656,113.88999938964844,,292.7099914550781,209.781005859375,339.80499267578125,245.1300048828125,638.1849975585938,114.97000122070312,1225.469970703125,346.15008544921875,620.657470703125,95.11000061035156,5420.06982421875,48.42499923706055,,324.1400146484375,339.9849853515625,209.5,27.635000228881836,885.239990234375,38.32500076293945,484.7699890136719,74.91999816894531,64.76499938964844,35.6150016784668,188.52000427246094,84.51000213623047,233.67999267578125,143.9199981689453,70.31999969482422,,43.125,139.77000427246094,40.84000015258789,67.91000366210938,80.58000183105469,86.20500183105469,122.92500305175781,325.1300048828125,324.7799987792969,199.53500366210938,719.1099853515625,173.86500549316406,42.93870162963867,655.530029296875,595.3400268554688,27.19499969482422,23.094999313354492,1358.0799560546875,436.9200134277344,201.52000427246094,321.57000732421875,72.4000015258789,51.722999572753906,2173.320068359375,652.9849853515625,76.86499786376953,,84.37000274658203,488.3900146484375,162.02000427246094,338.8699951171875,90.9749984741211,189.57000732421875,236.6199951171875,166.8699951171875,90.69000244140625,195.77999877929688,111.98999786376953,116.44999694824219,121.26000213623047,137.5500946044922,185.13999938964844,58.814998626708984,177.47999572753906,803.4000244140625,439.67999267578125,187.0,87.10759735107422,168.67999267578125,522.0999755859375,305.05999755859375,162.7449951171875,197.45989990234375,129.19000244140625,437.30499267578125,256.8599853515625,186.3249969482422,220.997802734375,483.3699951171875,28.625,212.19000244140625,199.1199951171875,73.44499969482422,228.86000061035156
2026-01-07 18:41:00+00:00,261.7699890136719,138.64999389648438,340.56500244140625,289.54998779296875,261.0350036621094,294.1199951171875,113.87000274658203,421.55999755859375,292.4599914550781,209.9199981689453,339.8599853515625,245.10000610351562,639.02001953125,114.94999694824219,1224.7750244140625,346.30999755859375,620.97998046875,95.09200286865234,5419.27978515625,48.5,85.16999816894531,324.2099914550781,340.1549987792969,209.42999267578125,27.639999389648438,885.0499877929688,38.32500076293945,485.2950134277344,74.94999694824219,64.73500061035156,35.619998931884766,188.61000061035156,84.4800033569336,233.9199981689453,143.7239990234375,70.31500244140625,,43.1349983215332,139.86000061035156,40.834999084472656,67.9000015258789,80.58000183105469,86.19000244140625,122.94999694824219,325.135009765625,324.7637023925781,199.78500366210938,719.5449829101562,173.9550018310547,42.944000244140625,655.5499877929688,595.3300170898438,27.155000686645508,23.10460090637207,1357.8699951171875,437.04998779296875,201.47000122070312,321.2699890136719,72.4000015258789,51.720001220703125,2171.925048828125,653.405029296875,76.83499908447266,946.4400024414062,84.31999969482422,488.54998779296875,162.00999450683594,338.7300109863281,91.04309844970703,189.58999633789062,236.4499969482422,166.8699951171875,90.69380187988281,195.77000427246094,111.9800033569336,116.55000305175781,121.26499938964844,137.53500366210938,185.27000427246094,58.834999084472656,177.39999389648438,803.2725219726562,439.1300048828125,186.91000366210938,87.16999816894531,168.83999633789062,522.3800048828125,304.93499755859375,162.94500732421875,197.36000061035156,129.19000244140625,437.25,256.6700134277344,186.34500122070312,221.02999877929688,483.07501220703125,28.6200008392334,212.2100067138672,199.1999053955078,73.44000244140625,228.67999267578125
2026-01-07 18:42:00+00:00,261.8063049316406,138.67999267578125,340.4700012207031,289.8800048828125,261.04998779296875,294.2300109863281,113.87999725341797,421.3900146484375,292.4200134277344,209.89999389648438,340.3500061035156,245.03990173339844,638.5399780273438,114.96479797363281,1225.5,346.2699890136719,621.7000122070312,95.12000274658203,,48.5,85.16000366210938,324.32501220703125,340.17999267578125,209.42999267578125,27.645000457763672,885.4749755859375,38.3650016784668,486.1700134277344,74.92500305175781,64.68499755859375,35.625,188.64500427246094,84.47000122070312,233.95010375976562,143.97999572753906,70.31500244140625,,43.13999938964844,139.85000610351562,40.84000015258789,67.93000030517578,80.56999969482422,86.2300033569336,123.00499725341797,324.94000244140625,324.5978088378906,199.8699951171875,719.969970703125,174.10499572753906,42.98889923095703,656.5700073242188,595.5599975585938,27.165000915527344,23.110000610351562,1358.3399658203125,437.17340087890625,201.47999572753906,321.5,72.44000244140625,51.724998474121094,2173.260009765625,653.239990234375,76.86000061035156,,84.37999725341797,488.44000244140625,161.73500061035156,338.76800537109375,91.00499725341797,189.58999633789062,236.61000061035156,167.10000610351562,90.72000122070312,195.78500366210938,111.98999786376953,116.5625,121.23999786376953,137.61500549316406,185.3300018310547,58.79499816894531,177.5500030517578,804.0,438.95001220703125,186.9499969482422,87.16000366210938,168.9499969482422,522.1699829101562,305.17498779296875,162.9949951171875,197.60499572753906,129.14999389648438,437.20001220703125,,186.52000427246094,220.96009826660156,483.4599914550781,28.62420082092285,212.25999450683594,198.9600067138672,73.43499755859375,228.8249969482422
2026-01-07 18:43:00+00:00,261.7898864746094,138.6750030517578,340.510009765625,289.760009765625,261.1499938964844,294.2349853515625,113.81500244140625,421.57000732421875,292.260009765625,209.82000732421875,339.80999755859375,245.07650756835938,638.3699951171875,115.0199966430664,1225.56005859375,346.3500061035156,621.9400024414062,95.08000183105469,5417.01513671875,48.470001220703125,85.16500091552734,324.1600036621094,339.9599914550781,209.39999389648438,27.645000457763672,885.8499755859375,38.3650016784668,485.6700134277344,74.93599700927734,64.66500091552734,35.625,188.6300048828125,84.47000122070312,234.02999877929688,143.90499877929688,70.32499694824219,,43.1150016784668,139.94000244140625,40.85499954223633,67.88999938964844,80.55999755859375,86.1500015258789,122.95999908447266,325.6650085449219,325.31500244140625,199.72500610351562,720.1199951171875,174.05999755859375,43.03559875488281,656.3499755859375,595.8400268554688,27.165000915527344,23.1299991607666,1358.8699951171875,437.19500732421875,201.5800018310547,321.6000061035156,72.43000030517578,51.73500061035156,2173.320068359375,653.3101196289062,76.87000274658203,947.27001953125,84.38999938964844,488.375,161.47000122070312,338.42999267578125,90.97000122070312,189.51400756835938,236.89990234375,166.9499969482422,90.72000122070312,195.80999755859375,111.97000122070312,116.53500366210938,121.29000091552734,137.5850067138672,185.14999389648438,58.790000915527344,177.64500427246094,803.47998046875,438.45001220703125,186.91000366210938,87.16500091552734,168.8300018310547,522.530029296875,304.65478515625,163.17999267578125,197.57000732421875,129.19000244140625,437.1499938964844,256.54998779296875,186.64999389648438,221.0050048828125,483.57000732421875,28.625,212.25,198.47000122070312,73.4000015258789,228.77999877929688
2026-01-07 18:44:00+00:00,261.8500061035156,138.7100067138672,340.30999755859375,289.68499755859375,261.20001220703125,294.42999267578125,113.80000305175781,421.57000732421875,292.1700134277344,209.6699981689453,339.6700134277344,245.1199951171875,638.8099975585938,114.98999786376953,1224.8599853515625,346.04998779296875,622.1599731445312,95.05999755859375,,48.40999984741211,85.25,324.32000732421875,340.1098937988281,209.2449951171875,27.645000457763672,885.469970703125,38.375,485.95001220703125,74.94000244140625,64.55000305175781,35.625,188.65989685058594,84.47000122070312,233.9600067138672,143.7550048828125,70.30000305175781,204.41600036621094,43.11000061035156,139.89999389648438,40.834999084472656,67.90499877929688,80.56999969482422,86.12999725341797,122.9800033569336,326.2168884277344,325.94000244140625,199.75,720.1099853515625,174.1300048828125,42.974998474121094,656.5050048828125,596.1199951171875,27.165000915527344,23.114200592041016,1358.8699951171875,437.0357971191406,201.5,321.3699951171875,72.37999725341797,51.70500183105469,2173.5,653.635009765625,76.88999938964844,947.3350219726562,84.37000274658203,488.4100036621094,161.29840087890625,338.3500061035156,90.9749984741211,189.46499633789062,236.72999572753906,,90.69999694824219,195.83999633789062,111.97000122070312,116.54000091552734,121.2699966430664,137.5998992919922,185.2449951171875,58.790000915527344,177.47999572753906,803.9299926757812,437.9700012207031,186.93499755859375,87.08999633789062,168.75999450683594,522.5599975585938,304.6199951171875,163.25,197.375,129.16000366210938,437.0849914550781,,186.55999755859375,221.0050048828125,483.3699951171875,28.625,212.22500610351562,198.49000549316406,73.3949966430664,228.94000244140625
2026-01-07 18:45:00+00:00,261.75,138.77499389648438,340.5650939941406,289.69000244140625,,294.635009765625,113.79000091552734,421.17999267578125,292.0299987792969,209.50999450683594,339.67498779296875,245.06080627441406,637.8350219726562,114.8550033569336,1224.489990234375,346.1499938964844,621.9099731445312,95.0250015258789,5425.0,48.41999816894531,85.18000030517578,324.3699951171875,339.3399963378906,209.2949981689453,27.670000076293945,885.8800048828125,38.385101318359375,485.81500244140625,74.96499633789062,64.48999786376953,35.619998931884766,188.58999633789062,84.4800033569336,234.0500030517578,143.75999450683594,70.31999969482422,204.41000366210938,43.10499954223633,139.8000030517578,40.845001220703125,,80.63999938964844,86.12000274658203,122.9800033569336,325.92999267578125,325.6199035644531,199.9199981689453,719.780029296875,173.8300018310547,42.935001373291016,656.5701293945312,595.6400146484375,27.174999237060547,23.114999771118164,1357.7049560546875,437.010009765625,201.38499450683594,321.6300048828125,72.37999725341797,51.775001525878906,2174.4599609375,653.5999755859375,76.88200378417969,946.1799926757812,84.43000030517578,488.4100036621094,161.08999633789062,338.1000061035156,91.00499725341797,189.4199981689453,236.82989501953125,167.10000610351562,90.69999694824219,195.97000122070312,112.03589630126953,116.52999877929688,121.2874984741211,137.5749969482422,185.02999877929688,58.79999923706055,177.4600067138672,803.1699829101562,438.239990234375,186.9499969482422,87.03500366210938,168.8699951171875,522.6599731445312,304.6449890136719,163.2899932861328,197.3300018310547,129.1699981689453,436.92999267578125,256.7051086425781,186.5225067138672,221.00999450683594,483.1449890136719,28.610000610351562,212.35000610351562,198.1199951171875,73.37999725341797,228.89999389648438
2026-01-07 18:46:00+00:00,261.7250061035156,138.72999572753906,340.54998779296875,289.80499267578125,261.17010498046875,294.6700134277344,113.76000213623047,421.1099853515625,292.1000061035156,209.52999877929688,339.3699951171875,245.1300048828125,638.5650024414062,114.93000030517578,1224.4300537109375,346.2300109863281,622.260009765625,95.0,5433.384765625,48.39500045776367,85.18000030517578,324.3949890136719,339.489990234375,209.30499267578125,27.66010093688965,885.5999755859375,38.375,485.8299865722656,74.97000122070312,64.55000305175781,35.6150016784668,188.625,84.52999877929688,234.24000549316406,143.72999572753906,70.33000183105469,204.4149932861328,43.10499954223633,139.69000244140625,40.84000015258789,67.91000366210938,80.6500015258789,86.12000274658203,122.97000122070312,326.0350036621094,325.6499938964844,199.90499877929688,719.6400146484375,173.44000244140625,42.935001373291016,656.572509765625,595.6900024414062,27.1825008392334,23.135400772094727,1358.530029296875,437.08819580078125,201.23989868164062,321.8299865722656,72.41000366210938,51.775001525878906,2173.82177734375,653.9000244140625,76.87000274658203,946.2406005859375,84.44999694824219,488.54998779296875,161.0050048828125,338.2900085449219,90.98600006103516,189.41000366210938,236.72999572753906,167.21499633789062,90.80000305175781,195.9199981689453,112.02999877929688,116.6050033569336,121.27999877929688,137.6199951171875,185.08999633789062,58.814998626708984,177.52000427246094,803.739990234375,438.3900146484375,186.9499969482422,87.06500244140625,168.86500549316406,522.6849975585938,305.0799865722656,163.02999877929688,197.27000427246094,129.1999969482422,436.1400146484375,257.0249938964844,186.57460021972656,220.98500061035156,483.5,28.614999771118164,212.17999267578125,198.22999572753906,73.37999725341797,228.8000030517578
2026-01-07 18:47:00+00:00,261.8200988769531,138.7449951171875,340.6000061035156,290.2650146484375,261.2101135253906,,113.74500274658203,421.2900085449219,292.3949890136719,209.76499938964844,339.4599914550781,245.15499877929688,638.7249755859375,114.92400360107422,1224.5699462890625,346.3200988769531,622.27001953125,95.01000213623047,,48.369998931884766,85.18000030517578,324.3900146484375,340.1199951171875,209.19000244140625,27.649999618530273,885.3270263671875,38.415000915527344,485.010009765625,74.98999786376953,64.57499694824219,35.6150016784668,188.75,84.51000213623047,234.2790985107422,143.4600067138672,70.3550033569336,,43.1150016784668,139.6750030517578,40.834999084472656,67.90869903564453,80.66000366210938,86.13999938964844,122.98999786376953,325.7195129394531,325.3399963378906,199.94500732421875,719.739990234375,173.48500061035156,42.91059875488281,656.6400146484375,595.4400024414062,27.19499969482422,23.135000228881836,1359.4200439453125,436.9750061035156,201.24000549316406,321.8699951171875,72.4800033569336,51.78499984741211,2173.93505859375,654.2999877929688,76.90499877929688,946.0399780273438,84.48999786376953,488.7300109863281,161.25,338.489990234375,90.98989868164062,189.59500122070312,237.03500366210938,167.13499450683594,90.79000091552734,195.8000030517578,112.06500244140625,116.66000366210938,121.30000305175781,137.63999938964844,185.1907958984375,58.81990051269531,177.61000061035156,803.6900024414062,438.2099914550781,186.9600067138672,87.05000305175781,168.97999572753906,522.97998046875,305.5799865722656,162.86000061035156,197.25999450683594,,436.2200012207031,256.95001220703125,186.625,221.10000610351562,483.4599914550781,28.610000610351562,,198.30999755859375,73.375,228.72000122070312
2026-01-07 18:48:00+00:00,261.8500061035156,138.72000122070312,340.5299987792969,290.32000732421875,261.2900085449219,294.68499755859375,113.73999786376953,420.8599853515625,292.44000244140625,209.82699584960938,339.45001220703125,244.99819946289062,638.6119995117188,115.06999969482422,1225.9200439453125,346.2900085449219,622.5216064453125,95.04000091552734,,48.369998931884766,85.19999694824219,324.260009765625,340.0299987792969,,27.665000915527344,885.0050048828125,38.40999984741211,485.9031982421875,75.03500366210938,64.5199966430664,35.6150016784668,,84.48999786376953,234.33999633789062,143.2949981689453,70.33000183105469,,43.125,139.67999267578125,40.8650016784668,67.9800033569336,80.66000366210938,86.12850189208984,123.01499938964844,325.2749938964844,324.8999938964844,199.9499969482422,719.5399780273438,173.96499633789062,42.93450164794922,656.530029296875,595.6500244140625,27.19499969482422,23.12459945678711,1361.050048828125,436.9455871582031,201.61000061035156,321.8699951171875,72.44999694824219,51.775001525878906,2173.820068359375,654.239990234375,76.8499984741211,947.1799926757812,84.58999633789062,488.7485046386719,161.22500610351562,338.54998779296875,90.96499633789062,189.60400390625,237.125,167.0500030517578,90.83999633789062,195.86000061035156,112.07499694824219,116.6500015258789,121.29000091552734,137.55999755859375,185.2429962158203,58.81999969482422,177.7100067138672,803.760009765625,437.8500061035156,186.9550018310547,87.06999969482422,169.13999938964844,523.0,305.6449890136719,162.7949981689453,197.1750030517578,129.17999267578125,436.0249938964844,257.1000061035156,186.7050018310547,221.0500030517578,483.510009765625,28.584999084472656,212.0449981689453,198.52499389648438,73.375,228.7100067138672
2026-01-07 18:49:00+00:00,261.8999938964844,138.72000122070312,340.5799865722656,290.29998779296875,261.3500061035156,294.57000732421875,113.72540283203125,421.2900085449219,292.55499267578125,209.91000366210938,339.3599853515625,245.08999633789062,638.1599731445312,115.07499694824219,1225.5899658203125,346.29998779296875,621.9199829101562,95.0199966430664,,48.34000015258789,85.20500183105469,324.2200012207031,339.93011474609375,208.99000549316406,27.639999389648438,885.1400146484375,38.40999984741211,485.7200012207031,75.01499938964844,64.3949966430664,35.60499954223633,188.67999267578125,84.5199966430664,234.3000030517578,143.27999877929688,70.30999755859375,204.4199981689453,43.10499954223633,139.6649932861328,40.86000061035156,67.97000122070312,80.62999725341797,86.11000061035156,123.05000305175781,325.385009765625,324.9700012207031,200.0800018310547,719.3400268554688,174.02999877929688,43.06999969482422,656.64501953125,595.6900024414062,27.204999923706055,23.139999389648438,1360.550048828125,437.1199951171875,202.0,321.67999267578125,72.45999908447266,51.760101318359375,2173.639892578125,653.8599853515625,76.87000274658203,947.1950073242188,84.69000244140625,488.7160949707031,161.1510009765625,338.6700134277344,91.01000213623047,189.7301025390625,237.21499633789062,167.0050048828125,90.97000122070312,195.77999877929688,112.1050033569336,116.7300033569336,121.2750015258789,137.61000061035156,185.27000427246094,58.810001373291016,177.75999450683594,803.594970703125,437.4700012207031,,87.04000091552734,169.05999755859375,522.9400024414062,305.8999938964844,162.5449981689453,197.17999267578125,129.1300048828125,436.1000061035156,,186.75999450683594,221.0800018310547,483.6700134277344,28.579999923706055,,198.4600067138672,73.36499786376953,228.60000610351562
2026-01-07 18:50:00+00:00,262.07000732421875,138.74000549316406,340.7300109863281,290.3500061035156,261.489990234375,294.6625061035156,113.7249984741211,420.8949890136719,292.1400146484375,209.86000061035156,339.2200012207031,245.14340209960938,638.14501953125,115.1449966430664,1226.1695556640625,346.17999267578125,622.125,94.97000122070312,,48.400001525878906,85.20500183105469,324.239990234375,340.010009765625,209.22000122070312,27.645000457763672,885.1857299804688,38.42499923706055,486.29998779296875,75.06999969482422,64.48999786376953,35.61000061035156,188.67999267578125,84.5199966430664,234.2899932861328,143.0800018310547,70.30000305175781,204.4149932861328,43.099998474121094,139.72999572753906,40.88999938964844,,80.67500305175781,86.08999633789062,123.05000305175781,325.1549987792969,324.7449951171875,200.07000732421875,720.1950073242188,174.32249450683594,43.04249954223633,656.7449951171875,594.8090209960938,27.204999923706055,23.145000457763672,1360.6700439453125,437.29998779296875,201.86000061035156,321.7950134277344,72.42510223388672,51.79499816894531,2174.39990234375,654.1204223632812,76.88500213623047,946.8800048828125,84.63999938964844,488.6549987792969,161.19000244140625,338.4750061035156,90.9749984741211,189.75,237.33999633789062,,91.02999877929688,195.93499755859375,112.13999938964844,116.87999725341797,121.23999786376953,137.6300048828125,185.08560180664062,58.86000061035156,177.72999572753906,803.5869140625,437.9100036621094,187.00250244140625,87.08999633789062,168.9499969482422,522.969970703125,305.9800109863281,162.50999450683594,197.1699981689453,129.03500366210938,436.0150146484375,257.1099853515625,186.76499938964844,221.0800018310547,483.1499938964844,28.575000762939453,,198.52000427246094,73.36000061035156,228.81480407714844
2026-01-07 18:51:00+00:00,262.07501220703125,138.72500610351562,340.7650146484375,290.3500061035156,261.489990234375,294.5874938964844,113.73999786376953,420.67498779296875,292.17498779296875,209.8300018310547,339.2300109863281,245.08599853515625,637.9749755859375,115.19999694824219,1225.3900146484375,346.2200012207031,622.1699829101562,94.95999908447266,,48.40999984741211,85.20500183105469,324.0600891113281,340.2799987792969,209.25999450683594,27.639999389648438,885.5098876953125,38.43000030517578,485.9200134277344,75.08509826660156,64.37000274658203,35.630001068115234,188.7238006591797,84.44499969482422,234.2550048828125,142.6999969482422,70.36499786376953,204.41000366210938,43.1150016784668,139.8000030517578,40.904998779296875,67.97000122070312,80.63990020751953,86.09500122070312,123.08000183105469,325.3599853515625,324.92999267578125,200.0800018310547,720.1950073242188,174.25,43.095001220703125,656.5599975585938,595.0900268554688,27.200000762939453,23.135000228881836,,437.3999938964844,201.85000610351562,321.9100036621094,72.4614028930664,51.79499816894531,2173.6650390625,654.3112182617188,76.88999938964844,946.8800048828125,84.6500015258789,488.4549865722656,161.25,338.6449890136719,90.88999938964844,189.77499389648438,237.2899932861328,167.14999389648438,91.2249984741211,195.7100067138672,112.16999816894531,117.01000213623047,121.29000091552734,137.6999969482422,185.13499450683594,58.875,177.78500366210938,803.75,438.0224914550781,187.0050048828125,87.18000030517578,169.0,522.530029296875,305.9800109863281,162.6199951171875,197.1750030517578,129.00999450683594,435.6684875488281,256.6700134277344,186.81500244140625,221.09500122070312,483.3500061035156,28.575000762939453,211.97500610351562,198.50999450683594,73.37000274658203,228.6300048828125
2026-01-07 18:52:00+00:00,262.0799865722656,138.8000030517578,340.8500061035156,290.4750061035156,261.489990234375,294.57000732421875,,421.4700012207031,292.239990234375,209.64500427246094,338.4599914550781,245.13870239257812,637.6199951171875,115.17849731445312,1225.8349609375,346.18499755859375,622.1799926757812,94.91000366210938,5435.6201171875,48.4900016784668,85.20500183105469,324.3599853515625,340.2049865722656,209.15499877929688,27.655000686645508,885.2650146484375,38.405399322509766,485.9849853515625,75.13500213623047,64.36000061035156,35.6349983215332,188.61000061035156,84.46749877929688,234.3249969482422,142.94500732421875,70.37999725341797,,43.099998474121094,140.02499389648438,40.904998779296875,67.98999786376953,80.62999725341797,86.08999633789062,123.08000183105469,325.3399963378906,324.8450012207031,200.13470458984375,719.739990234375,174.33999633789062,43.02000045776367,656.8800048828125,595.2150268554688,27.190000534057617,23.1299991607666,1360.5400390625,437.3800048828125,202.05999755859375,321.75,72.54000091552734,51.78499984741211,2174.2900390625,654.260009765625,76.91000366210938,946.2999877929688,84.66000366210938,488.2950134277344,161.0800018310547,338.9700012207031,90.8949966430664,189.85499572753906,237.50999450683594,167.25,91.16000366210938,195.6300048828125,112.15499877929688,117.12000274658203,121.29000091552734,137.71499633789062,185.16000366210938,58.8849983215332,177.73300170898438,803.5999755859375,437.9599914550781,187.01499938964844,87.2240982055664,169.17750549316406,523.0900268554688,306.82501220703125,162.6999969482422,197.10000610351562,,435.80169677734375,256.6700134277344,186.80999755859375,221.1300048828125,483.30499267578125,28.59000015258789,211.86000061035156,198.8000030517578,73.33000183105469,228.68499755859375
2026-01-07 18:53:00+00:00,262.1099853515625,138.80999755859375,340.7799987792969,290.4700012207031,261.4200134277344,294.5799865722656,113.7300033569336,421.4700012207031,292.3599853515625,209.52000427246094,339.1839904785156,245.0800018310547,637.4299926757812,115.25,1226.800048828125,346.1600036621094,622.9000244140625,94.91500091552734,5434.02978515625,48.540000915527344,85.20500183105469,324.3999938964844,340.17498779296875,209.17999267578125,27.665000915527344,885.010009765625,38.415000915527344,486.3999938964844,75.11499786376953,64.38500213623047,35.64500045776367,188.7100067138672,84.48999786376953,234.1699981689453,143.00999450683594,70.37000274658203,,43.099998474121094,140.47000122070312,40.92499923706055,,80.58999633789062,86.09500122070312,123.02999877929688,325.4750061035156,324.9700012207031,200.22000122070312,720.1849975585938,,43.01499938964844,656.52001953125,595.0499877929688,27.19499969482422,23.135000228881836,1362.385009765625,437.3699951171875,202.22999572753906,321.7099914550781,72.54000091552734,51.78499984741211,2171.6298828125,653.97998046875,76.93000030517578,,84.55999755859375,488.25,160.85000610351562,338.8944091796875,90.87000274658203,189.83970642089844,237.50999450683594,167.3000030517578,91.20999908447266,195.7050018310547,112.16999816894531,117.04000091552734,121.30999755859375,137.82000732421875,185.06500244140625,58.86320114135742,177.72999572753906,803.5999755859375,437.9599914550781,187.01499938964844,87.23999786376953,169.10499572753906,523.0399780273438,306.7359924316406,162.5749969482422,197.17999267578125,129.0500030517578,435.44000244140625,,186.8699951171875,221.09500122070312,483.4599914550781,28.584999084472656,211.86500549316406,198.75,73.3499984741211,228.61000061035156
2026-01-07 18:54:00+00:00,261.9750061035156,138.72500610351562,340.5400085449219,290.42999267578125,261.489990234375,294.66009521484375,113.74500274658203,421.6700134277344,292.17498779296875,209.47000122070312,339.1099853515625,245.02000427246094,637.6950073242188,115.18000030517578,1227.02001953125,346.3550109863281,621.6749877929688,94.88999938964844,5440.72998046875,48.5099983215332,85.24839782714844,324.0799865722656,340.2380065917969,209.16000366210938,27.674999237060547,884.75,38.40999984741211,485.6099853515625,75.09500122070312,64.24500274658203,35.619998931884766,188.6999969482422,84.4800033569336,234.19500732421875,143.0399932861328,70.31500244140625,204.39999389648438,43.10499954223633,140.33999633789062,40.904998779296875,67.98999786376953,80.51000213623047,86.04000091552734,122.98999786376953,325.3699951171875,324.8818054199219,200.19000244140625,720.2100219726562,174.51499938964844,42.945098876953125,656.5900268554688,595.3250122070312,27.19499969482422,23.125,1361.510009765625,437.43499755859375,202.27999877929688,321.6499938964844,72.42500305175781,51.76300048828125,2170.169921875,653.88720703125,76.9800033569336,946.1400146484375,84.5199966430664,488.1199951171875,160.47999572753906,338.8424987792969,90.82499694824219,189.91000366210938,237.30999755859375,167.22000122070312,91.25,195.51010131835938,112.17500305175781,117.02999877929688,121.23500061035156,137.89999389648438,184.96009826660156,58.83000183105469,177.6699981689453,803.7999877929688,437.6000061035156,187.02000427246094,87.25,169.05999755859375,523.1749877929688,306.6000061035156,162.47000122070312,197.25,129.02499389648438,435.5,256.80499267578125,186.97000122070312,221.1053924560547,483.95001220703125,28.575000762939453,211.75,198.6199951171875,73.33999633789062,228.6199951171875
2026-01-07 18:55:00+00:00,261.8900146484375,138.69000244140625,340.05999755859375,290.30499267578125,261.3799133300781,294.6000061035156,113.74500274658203,421.7900085449219,292.0849914550781,209.41000366210938,338.9849853515625,244.67999267578125,638.0700073242188,115.02999877929688,1226.3499755859375,346.1499938964844,,94.87650299072266,5439.94482421875,48.47999954223633,85.23500061035156,324.17999267578125,339.6650085449219,209.1699981689453,27.674999237060547,884.4249877929688,38.380001068115234,485.5,75.11499786376953,64.05500030517578,35.6150016784668,188.65499877929688,84.44000244140625,233.7169952392578,142.7100067138672,70.3499984741211,204.41000366210938,43.099998474121094,140.2845001220703,40.915000915527344,67.97000122070312,80.4800033569336,85.94999694824219,123.0,325.1499938964844,324.6700134277344,200.22500610351562,719.9749755859375,174.4250030517578,42.84000015258789,656.1799926757812,594.905029296875,27.19499969482422,23.114999771118164,1361.5,437.5,202.3300018310547,,72.31999969482422,51.7599983215332,2171.169921875,653.635009765625,76.97000122070312,943.594970703125,84.51000213623047,487.8299865722656,160.4199981689453,338.6099853515625,90.78500366210938,189.81500244140625,237.17999267578125,167.13999938964844,91.22000122070312,195.47999572753906,112.13500213623047,117.01499938964844,121.27999877929688,137.69000244140625,184.97569274902344,58.79499816894531,177.42999267578125,803.4600219726562,437.4700012207031,186.99000549316406,87.21800231933594,168.64999389648438,523.2949829101562,306.5,162.51499938964844,197.30499267578125,129.0,435.1099853515625,256.94000244140625,186.68499755859375,221.3000030517578,483.7749938964844,28.584999084472656,211.69000244140625,198.60000610351562,73.33000183105469,228.47000122070312
2026-01-07 18:56:00+00:00,261.8599853515625,138.656005859375,339.7900085449219,290.3299865722656,261.44000244140625,294.45001220703125,113.72000122070312,423.30999755859375,292.0849914550781,209.38999938964844,339.2149963378906,244.47000122070312,637.8200073242188,114.9800033569336,1226.574951171875,346.1600036621094,622.02001953125,94.91999816894531,5446.5048828125,48.46500015258789,85.25,324.0400085449219,339.70001220703125,209.1699981689453,27.684999465942383,884.969970703125,38.38999938964844,485.30999755859375,75.09500122070312,64.02999877929688,35.6150016784668,188.82000732421875,84.4000015258789,233.6300048828125,142.6300048828125,70.38999938964844,,43.10499954223633,140.25999450683594,40.92499923706055,67.94000244140625,80.48999786376953,85.94999694824219,123.06999969482422,324.9599914550781,324.4649963378906,200.22000122070312,719.6699829101562,174.4499969482422,42.747100830078125,656.1799926757812,594.52001953125,27.204999923706055,23.118000030517578,1360.949951171875,437.4700012207031,202.4149932861328,321.5899963378906,72.44999694824219,51.779998779296875,2170.840087890625,653.1649780273438,76.98500061035156,943.239990234375,84.42749786376953,487.67999267578125,160.11000061035156,338.5578918457031,90.73999786376953,189.6811981201172,237.1300048828125,167.0800018310547,91.21499633789062,195.30999755859375,112.13999938964844,117.01499938964844,121.26499938964844,137.64999389648438,185.02000427246094,58.76499938964844,177.2075958251953,803.5599975585938,437.29998779296875,187.02000427246094,87.23999786376953,168.50999450683594,523.1900024414062,306.4150085449219,162.375,197.25,128.97000122070312,435.0400085449219,256.92999267578125,186.4949951171875,221.38999938964844,483.9800109863281,28.579999923706055,211.57000732421875,198.5850067138672,73.33999633789062,228.2899932861328
2026-01-07 18:57:00+00:00,261.94000244140625,138.50999450683594,339.7099914550781,290.3900146484375,261.42999267578125,294.5,113.73999786376953,423.739990234375,292.2900085449219,209.35879516601562,339.6000061035156,244.3800048828125,637.4500122070312,115.04000091552734,1227.0404052734375,346.1300048828125,622.2249755859375,94.91000366210938,5446.7998046875,48.47200012207031,85.1500015258789,323.8599853515625,339.79998779296875,209.05999755859375,27.69499969482422,884.6199951171875,38.3849983215332,485.2850036621094,75.1050033569336,64.04000091552734,35.619998931884766,188.72000122070312,84.41999816894531,233.77999877929688,142.6199951171875,70.41000366210938,,43.084999084472656,140.2449951171875,40.92499923706055,67.94999694824219,80.48500061035156,85.98500061035156,123.12000274658203,324.8699951171875,324.3699951171875,200.24000549316406,720.2100219726562,174.5800018310547,42.71500015258789,656.22998046875,595.1099853515625,27.200000762939453,23.104999542236328,1361.449951171875,437.7900085449219,202.39999389648438,321.6499938964844,72.43000030517578,51.76499938964844,2169.264892578125,653.0900268554688,76.94999694824219,943.864990234375,84.37000274658203,487.7007141113281,160.07000732421875,339.2349853515625,90.70500183105469,189.75030517578125,,167.1300048828125,91.2300033569336,195.5850067138672,112.15499877929688,117.00499725341797,121.2750015258789,137.61000061035156,184.94000244140625,58.76499938964844,177.2550048828125,804.3350219726562,437.385009765625,187.02999877929688,87.2699966430664,168.55499267578125,523.6799926757812,306.5,162.3300018310547,197.23500061035156,,434.9216003417969,256.7900085449219,186.4499969482422,221.33999633789062,484.17999267578125,28.59000015258789,211.52999877929688,198.9600067138672,73.31999969482422,228.31500244140625
2026-01-07 18:58:00+00:00,262.0299987792969,138.58999633789062,339.864990234375,290.6400146484375,261.3900146484375,294.5,113.76000213623047,423.5299987792969,292.2650146484375,209.38999938964844,339.93499755859375,244.38999938964844,637.1900024414062,114.98999786376953,1226.8050537109375,346.3900146484375,622.1900024414062,94.94999694824219,5452.72998046875,48.505001068115234,85.07119750976562,,339.82000732421875,209.11000061035156,27.704999923706055,884.9650268554688,38.3849983215332,485.364990234375,75.12000274658203,64.01000213623047,35.61000061035156,188.72500610351562,84.44499969482422,233.80999755859375,142.52000427246094,70.43000030517578,204.4250030517578,43.099998474121094,140.4600067138672,40.915000915527344,67.97000122070312,80.44000244140625,85.98999786376953,123.19999694824219,324.6000061035156,324.1199951171875,200.3249969482422,720.3900146484375,174.53500366210938,42.727500915527344,656.22998046875,595.3499755859375,27.174999237060547,23.104999542236328,,437.7049865722656,202.2550048828125,321.625,72.5199966430664,51.75,2168.530029296875,652.8200073242188,76.93450164794922,943.8699951171875,84.4000015258789,487.6600036621094,160.22000122070312,339.2698974609375,90.73989868164062,189.82000732421875,237.05999755859375,167.19000244140625,91.23500061035156,195.56500244140625,112.13999938964844,116.87000274658203,121.30000305175781,137.5399932861328,185.07000732421875,58.790000915527344,177.24000549316406,804.3300170898438,437.4750061035156,186.9949951171875,87.20999908447266,168.6300048828125,523.4600219726562,306.55999755859375,162.32000732421875,197.17999267578125,,434.8299865722656,257.0299987792969,186.52000427246094,221.22999572753906,484.9750061035156,28.594999313354492,211.49000549316406,198.9250030517578,73.31999969482422,228.47999572753906
2026-01-07 18:59:00+00:00,262.010009765625,138.0399932861328,339.80999755859375,290.8900146484375,261.5199890136719,294.4200134277344,113.83999633789062,423.8800048828125,292.3800048828125,209.36000061035156,339.80999755859375,244.3000030517578,637.4299926757812,114.97480010986328,1227.56005859375,346.85931396484375,621.760009765625,94.94999694824219,5448.8701171875,48.4900016784668,85.0199966430664,323.7900085449219,339.8900146484375,209.08999633789062,27.704999923706055,884.4400024414062,38.38999938964844,485.3599853515625,75.11499786376953,64.0199966430664,35.60499954223633,188.72500610351562,84.43000030517578,233.3300018310547,142.4250030517578,70.44000244140625,,43.119998931884766,140.52999877929688,40.915000915527344,,80.48500061035156,85.98999786376953,123.16999816894531,324.7699890136719,324.31500244140625,200.22000122070312,720.4099731445312,,42.744998931884766,655.8599853515625,595.1799926757812,27.170000076293945,23.094999313354492,1361.9100341796875,437.7349853515625,202.3300018310547,321.5299987792969,72.55999755859375,51.7400016784668,2165.4599609375,652.4650268554688,77.0250015258789,,84.30999755859375,487.5799865722656,160.0749969482422,339.427001953125,90.68499755859375,189.77499389648438,237.24000549316406,,91.29499816894531,195.58999633789062,112.13999938964844,116.93000030517578,121.26000213623047,137.52000427246094,185.13999938964844,58.790000915527344,177.22230529785156,804.5,437.4800109863281,187.01499938964844,87.2699966430664,168.64999389648438,522.9425048828125,307.0899963378906,162.27000427246094,,128.92999267578125,434.7850036621094,,186.47500610351562,221.2100067138672,485.07000732421875,28.594999313354492,211.47500610351562,199.3000030517578,73.33499908447266,228.5
2026-01-07 19:00:00+00:00,262.07000732421875,137.57000732421875,339.8500061035156,291.1449890136719,261.4549865722656,294.49200439453125,113.66999816894531,423.614990234375,292.6449890136719,209.41000366210938,339.7550048828125,244.1490020751953,637.3699951171875,115.04000091552734,1227.6700439453125,346.5719909667969,620.6699829101562,94.87999725341797,5443.580078125,48.56999969482422,85.0,323.739990234375,339.9800109863281,209.0399932861328,27.706499099731445,884.010009765625,38.38999938964844,485.1199951171875,75.16000366210938,63.810001373291016,35.599998474121094,188.66000366210938,84.44999694824219,233.3000030517578,142.52000427246094,70.44999694824219,204.4149932861328,43.11000061035156,140.75,40.91999816894531,67.94999694824219,80.5199966430664,85.98999786376953,123.2041015625,324.9100036621094,324.5,200.19000244140625,720.510009765625,174.25,42.72999954223633,656.5800170898438,594.844970703125,27.114999771118164,23.084999084472656,1362.0,437.6300048828125,202.4199981689453,321.2699890136719,72.68499755859375,51.67499923706055,2166.35498046875,652.0650024414062,76.94999694824219,945.3200073242188,84.43000030517578,487.4049987792969,160.44500732421875,339.5199890136719,90.68000030517578,189.69580078125,237.44000244140625,167.16000366210938,91.53500366210938,195.47000122070312,112.13999938964844,116.95999908447266,121.20999908447266,137.35000610351562,185.15499877929688,58.81999969482422,177.28500366210938,804.135009765625,437.49749755859375,186.99000549316406,87.25,168.55999755859375,522.469970703125,307.45001220703125,162.25,197.2100067138672,128.91949462890625,434.79998779296875,,186.5449981689453,221.16000366210938,484.3699951171875,28.594999313354492,211.4199981689453,199.89999389648438,73.29199981689453,228.38999938964844
2026-01-07 19:01:00+00:00,262.0589904785156,138.02999877929688,339.9200134277344,291.3800048828125,261.5199890136719,294.6499938964844,113.69999694824219,423.4599914550781,292.2900085449219,209.4499969482422,339.8399963378906,244.2218017578125,637.2750244140625,114.95999908447266,1227.3399658203125,346.7099914550781,621.1749877929688,94.8499984741211,5444.875,48.53499984741211,85.0199966430664,323.6625061035156,339.9049987792969,209.19000244140625,27.719999313354492,884.2750244140625,38.400001525878906,485.2149963378906,75.16500091552734,63.584999084472656,35.59000015258789,188.7899932861328,84.49749755859375,232.82000732421875,142.6699981689453,70.47000122070312,204.41000366210938,43.1150016784668,140.63999938964844,40.92499923706055,67.94000244140625,80.55999755859375,85.99500274658203,123.17500305175781,324.25,323.7900085449219,200.20399475097656,720.030029296875,174.13499450683594,42.744998931884766,656.9299926757812,594.97998046875,27.145099639892578,23.094999313354492,1361.3399658203125,437.3900146484375,202.02969360351562,321.38751220703125,72.73500061035156,51.70349884033203,2166.27001953125,651.7550048828125,76.93000030517578,947.1599731445312,84.37999725341797,487.1499938964844,160.60000610351562,339.55999755859375,90.66999816894531,189.68409729003906,237.52499389648438,167.17999267578125,91.58000183105469,195.77000427246094,112.16929626464844,116.78949737548828,121.2249984741211,137.4499969482422,185.19000244140625,58.82500076293945,177.21499633789062,803.6199951171875,437.3299865722656,187.0,87.2699966430664,168.44500732421875,522.4450073242188,307.260009765625,162.58999633789062,197.30079650878906,,435.0694885253906,256.760009765625,186.67999267578125,221.4499969482422,484.6300048828125,28.594999313354492,211.63999938964844,199.4600067138672,73.29199981689453,228.5500030517578
2026-01-07 19:02:00+00:00,262.0299987792969,138.0399932861328,340.05999755859375,291.6400146484375,261.4549865722656,294.67999267578125,113.6050033569336,423.614990234375,292.3399963378906,209.6300048828125,339.7799987792969,244.17999267578125,637.2750244140625,114.96499633789062,1227.89501953125,346.79998779296875,621.2100219726562,94.83000183105469,,48.525001525878906,85.05999755859375,323.7900085449219,339.7200012207031,209.22000122070312,27.714500427246094,883.9600219726562,38.39500045776367,484.5,75.2125015258789,63.6150016784668,35.60499954223633,,84.56999969482422,232.8000030517578,142.5800018310547,70.4800033569336,204.40499877929688,43.08000183105469,140.61000061035156,40.935001373291016,,80.6050033569336,85.99500274658203,123.2300033569336,324.5299072265625,324.07000732421875,200.22340393066406,719.5399780273438,174.2899932861328,42.755001068115234,657.10498046875,595.135009765625,27.125,23.094999313354492,1362.469970703125,437.3900146484375,202.30999755859375,321.5,72.76000213623047,51.724998474121094,2166.169921875,651.6300048828125,76.9000015258789,946.5700073242188,84.5,487.2099914550781,160.9199981689453,339.8999938964844,90.67120361328125,189.75999450683594,237.42999267578125,,91.55999755859375,195.65499877929688,112.1261978149414,116.93049621582031,121.18000030517578,137.49000549316406,185.1750030517578,58.80500030517578,177.37269592285156,803.4124755859375,437.0882873535156,187.06500244140625,87.42500305175781,168.5,522.635009765625,307.3399963378906,162.60000610351562,197.11000061035156,128.875,434.82000732421875,256.8450012207031,186.67999267578125,221.43499755859375,484.5799865722656,28.594999313354492,211.72999572753906,199.63499450683594,73.25,228.68499755859375
2026-01-07 19:03:00+00:00,261.9612121582031,138.01300048828125,339.92498779296875,291.614990234375,261.6499938964844,294.6199951171875,113.6500015258789,423.6400146484375,292.4549865722656,209.5095977783203,339.590087890625,244.16000366210938,637.8099975585938,115.0199966430664,1228.344970703125,346.6659851074219,621.5750122070312,94.7750015258789,5446.1298828125,48.68000030517578,85.02999877929688,323.6600036621094,339.7380065917969,209.2550048828125,27.725000381469727,884.0020141601562,38.404998779296875,483.8500061035156,75.20500183105469,63.689998626708984,35.5989990234375,188.75999450683594,84.59500122070312,232.71499633789062,142.50999450683594,70.48999786376953,204.40499877929688,43.10499954223633,140.85499572753906,40.935001373291016,,80.61000061035156,86.0,123.27999877929688,324.1787109375,323.69000244140625,200.2100067138672,719.0399780273438,174.3800048828125,42.76649856567383,656.8499755859375,594.9949951171875,27.146499633789062,23.094999313354492,1363.31005859375,437.5199890136719,202.2550048828125,321.4200134277344,72.77999877929688,51.744998931884766,2164.719970703125,651.47998046875,76.92500305175781,945.2050170898438,84.48500061035156,486.9075012207031,160.6999969482422,339.8299865722656,90.64430236816406,189.82000732421875,237.60000610351562,167.2100067138672,91.55999755859375,195.69500732421875,112.18000030517578,116.93000030517578,121.19499969482422,137.50880432128906,185.11000061035156,58.82500076293945,177.4250030517578,803.1099853515625,436.67999267578125,187.0749969482422,87.41500091552734,168.5800018310547,522.8900146484375,307.22088623046875,162.72500610351562,197.13999938964844,128.91000366210938,434.5849914550781,256.6700134277344,186.60130310058594,221.44000244140625,484.32501220703125,28.594999313354492,211.6699981689453,199.9221954345703,73.25499725341797,228.60000610351562
2026-01-07 19:04:00+00:00,261.9360046386719,137.80999755859375,339.739990234375,291.6199951171875,261.614990234375,294.4599914550781,113.61000061035156,424.1199951171875,292.30999755859375,209.55499267578125,339.75,244.16700744628906,638.5989990234375,115.08000183105469,1228.6800537109375,346.7749938964844,622.0800170898438,94.73500061035156,5442.89990234375,48.65999984741211,85.04000091552734,323.53350830078125,339.6650085449219,209.17999267578125,27.71500015258789,883.7899780273438,38.3849983215332,484.29998779296875,75.19000244140625,63.64500045776367,35.59000015258789,188.77000427246094,84.54000091552734,232.57000732421875,142.49000549316406,70.47010040283203,204.39999389648438,43.095001220703125,140.75999450683594,40.935001373291016,67.98500061035156,80.58999633789062,86.0199966430664,123.30999755859375,324.5,324.0400085449219,200.2100067138672,719.3499755859375,174.5449981689453,42.69499969482422,656.52001953125,595.2000122070312,27.145000457763672,23.094999313354492,1364.06005859375,437.3731994628906,202.35000610351562,321.18499755859375,72.83999633789062,51.75,2167.6201171875,651.6900024414062,76.93499755859375,945.2050170898438,84.39689636230469,486.7900085449219,160.90499877929688,340.0050964355469,90.66500091552734,189.94000244140625,237.47500610351562,167.24000549316406,91.5199966430664,195.875,112.18000030517578,116.83000183105469,121.25,137.49000549316406,185.47999572753906,58.79999923706055,177.5399932861328,802.4400024414062,437.05999755859375,187.16000366210938,87.42649841308594,168.625,522.39501953125,308.29998779296875,162.72000122070312,197.11500549316406,,434.7200012207031,256.739990234375,186.57000732421875,221.27999877929688,484.0050048828125,28.59000015258789,211.58999633789062,200.4674072265625,73.26499938964844,228.75
2026-01-07 19:05:00+00:00,261.875,137.3800048828125,339.19000244140625,291.30999755859375,261.6400146484375,294.2200012207031,,424.135009765625,292.29998779296875,209.47000122070312,339.7300109863281,244.0399932861328,637.2000122070312,115.05000305175781,1227.9100341796875,346.69940185546875,622.3900146484375,94.72000122070312,5443.009765625,48.68000030517578,85.0199966430664,323.54998779296875,339.6499938964844,209.19500732421875,27.709999084472656,883.6300048828125,38.380001068115234,484.1449890136719,75.09500122070312,63.7599983215332,35.58000183105469,188.6699981689453,84.4000015258789,232.47000122070312,142.1999969482422,70.48999786376953,,43.099998474121094,140.8101043701172,40.92499923706055,67.97000122070312,80.45999908447266,85.9928970336914,123.33000183105469,324.3299865722656,323.8450927734375,200.35000610351562,719.14501953125,174.5449981689453,42.625,656.3400268554688,595.2550048828125,27.155000686645508,23.094999313354492,1363.1400146484375,437.32501220703125,202.2550048828125,321.0199890136719,72.88999938964844,51.7400016784668,2166.0400390625,651.385009765625,76.94000244140625,945.1900024414062,84.36000061035156,486.7349853515625,160.52499389648438,339.510009765625,90.55580139160156,189.8800048828125,237.36000061035156,167.24000549316406,91.61000061035156,195.75999450683594,112.12000274658203,116.80000305175781,121.30000305175781,137.52000427246094,185.4980926513672,58.77000045776367,177.56500244140625,802.3200073242188,437.05999755859375,186.99000549316406,87.41500091552734,168.52000427246094,522.2000122070312,308.17498779296875,162.3300018310547,197.1199951171875,128.85000610351562,434.4700012207031,256.6700134277344,186.39999389648438,221.19000244140625,484.260009765625,28.579999923706055,211.47999572753906,200.38999938964844,73.25749969482422,228.6649932861328
2026-01-07 19:06:00+00:00,261.8699951171875,137.8000030517578,339.0799865722656,291.4100036621094,261.6015930175781,294.1000061035156,113.63500213623047,424.5400085449219,292.3550109863281,209.49000549316406,339.8299865722656,244.0,637.4600219726562,115.08000183105469,1227.510009765625,347.42999267578125,622.6602783203125,94.69000244140625,,48.84000015258789,84.99500274658203,323.56500244140625,339.739990234375,209.1999969482422,27.700000762939453,883.3400268554688,38.375,484.3299865722656,75.06999969482422,63.970001220703125,35.564998626708984,188.6699981689453,84.37000274658203,232.53500366210938,142.14999389648438,70.5,204.39999389648438,43.11000061035156,141.16000366210938,40.915000915527344,,80.4800033569336,85.9800033569336,123.20999908447266,324.4800109863281,324.0,200.38499450683594,719.3400268554688,174.5449981689453,42.665000915527344,655.8900146484375,594.969970703125,27.145000457763672,23.094999313354492,1364.8499755859375,437.3800048828125,202.5749969482422,321.114990234375,72.98999786376953,51.755001068115234,2166.679931640625,651.4066162109375,76.94999694824219,945.1900024414062,84.44999694824219,486.489990234375,160.6649932861328,339.4800109863281,90.5250015258789,189.91000366210938,237.50999450683594,167.25,91.48999786376953,195.72999572753906,,116.83000183105469,121.31999969482422,137.49000549316406,185.42999267578125,58.743499755859375,177.55999755859375,802.22998046875,436.79998779296875,187.0749969482422,87.3949966430664,168.42999267578125,522.1900024414062,308.1099853515625,162.46499633789062,196.98800659179688,128.87989807128906,434.6099853515625,256.6300048828125,186.56500244140625,221.1300048828125,484.0824890136719,28.584999084472656,211.30999755859375,200.22000122070312,73.27999877929688,228.82000732421875
2026-01-07 19:07:00+00:00,262.0400085449219,138.00999450683594,339.2349853515625,291.4100036621094,261.4599914550781,294.1499938964844,113.56999969482422,425.0199890136719,292.3699951171875,209.5500030517578,339.7799987792969,243.86000061035156,637.3350219726562,115.08000183105469,1227.97802734375,347.590087890625,623.2449951171875,94.76000213623047,,48.849998474121094,85.01499938964844,323.239990234375,339.364990234375,209.14999389648438,27.700000762939453,882.8250122070312,38.375,483.66009521484375,75.1050033569336,63.84000015258789,35.540000915527344,188.5050048828125,84.30999755859375,232.5449981689453,142.0399932861328,70.5,204.39999389648438,43.08000183105469,140.875,40.915000915527344,67.9800033569336,80.4800033569336,86.08000183105469,123.26499938964844,324.2349853515625,323.7300109863281,200.35000610351562,719.4500122070312,174.38999938964844,42.66999816894531,656.0599975585938,594.7899780273438,27.145000457763672,23.094999313354492,,437.4200134277344,202.69000244140625,321.052490234375,73.02999877929688,51.75,2168.919921875,651.22998046875,76.95999908447266,,84.41999816894531,486.4800109863281,160.35000610351562,339.4798889160156,90.4749984741211,189.90750122070312,237.53500366210938,167.26499938964844,91.58999633789062,195.7100067138672,112.08499908447266,116.63999938964844,121.48999786376953,137.55999755859375,185.3800048828125,58.744998931884766,177.5850067138672,802.8400268554688,436.8349914550781,187.0449981689453,87.34500122070312,168.38999938964844,522.3900146484375,308.42498779296875,162.44000244140625,197.07000732421875,128.8800048828125,434.71160888671875,256.6400146484375,186.55999755859375,221.1300048828125,484.04998779296875,28.555400848388672,211.05999755859375,199.6800994873047,73.26010131835938,228.7899932861328
2026-01-07 19:08:00+00:00,262.1000061035156,138.10000610351562,338.95098876953125,291.4100036621094,261.5199890136719,294.1400146484375,113.55000305175781,425.29998779296875,292.4599914550781,209.47999572753906,339.6400146484375,243.93499755859375,637.6199951171875,114.97000122070312,1228.739990234375,347.44000244140625,622.4600219726562,94.7300033569336,5442.47021484375,48.84989929199219,85.05999755859375,323.18499755859375,338.95001220703125,209.1300048828125,27.709999084472656,883.0150146484375,38.39500045776367,483.5,75.12999725341797,63.80500030517578,35.5099983215332,188.66000366210938,84.2699966430664,232.1300048828125,141.93499755859375,70.4800033569336,204.39999389648438,43.06999969482422,140.7899932861328,40.89500045776367,67.9800033569336,80.43000030517578,86.1500015258789,123.27999877929688,324.25,323.78009033203125,200.1649932861328,719.8699951171875,174.52999877929688,42.68000030517578,655.7899780273438,594.0900268554688,27.170000076293945,23.104999542236328,1366.0,437.3699951171875,202.50999450683594,321.1300048828125,73.06999969482422,51.709999084472656,2167.25,651.2949829101562,76.92500305175781,,84.37999725341797,486.510009765625,160.2100067138672,339.1000061035156,90.4749984741211,189.89500427246094,237.5399932861328,167.30499267578125,91.62999725341797,195.6300048828125,112.19999694824219,116.58000183105469,121.44999694824219,137.6199951171875,185.1999969482422,58.7400016784668,177.69000244140625,802.8800048828125,436.5899963378906,187.0,87.36000061035156,168.4199981689453,521.9500122070312,308.1600036621094,162.63499450683594,197.02000427246094,128.77000427246094,434.6549987792969,256.67999267578125,186.47999572753906,221.1699981689453,483.214111328125,28.55500030517578,211.1999969482422,200.0500030517578,73.2699966430664,228.5850067138672
2026-01-07 19:09:00+00:00,262.04998779296875,137.93499755859375,339.1400146484375,291.2349853515625,261.3800048828125,294.2200012207031,113.54000091552734,425.0174865722656,292.44000244140625,209.22999572753906,339.6300048828125,243.7899932861328,635.9450073242188,114.9000015258789,1227.5899658203125,347.3699951171875,621.3499755859375,94.72000122070312,5434.490234375,48.93000030517578,85.08999633789062,323.1199951171875,338.95001220703125,208.81500244140625,27.701000213623047,883.3699951171875,38.3849983215332,483.114990234375,75.0999984741211,63.689998626708984,35.48400115966797,188.65499877929688,84.2300033569336,231.9550018310547,141.83999633789062,70.46499633789062,204.39999389648438,43.05500030517578,140.72000122070312,40.88999938964844,67.94999694824219,80.43000030517578,86.19499969482422,123.22000122070312,323.9150085449219,323.3999938964844,200.02000427246094,719.2849731445312,,42.697200775146484,654.6950073242188,594.2849731445312,27.184999465942383,23.114999771118164,1365.97998046875,437.42999267578125,202.7301025390625,321.1449890136719,73.12000274658203,51.730098724365234,2167.010009765625,650.9149780273438,76.95999908447266,945.0079956054688,84.4000015258789,486.625,159.97999572753906,339.135009765625,90.49459838867188,189.8800048828125,237.58999633789062,167.30499267578125,91.7750015258789,195.5500030517578,112.19000244140625,116.48500061035156,121.41000366210938,137.72999572753906,184.6300048828125,58.71500015258789,177.8000030517578,803.1400146484375,436.6050109863281,187.09500122070312,87.40499877929688,168.25999450683594,521.9500122070312,307.6579895019531,162.57000732421875,197.02499389648438,128.74000549316406,434.7720031738281,256.68499755859375,186.45399475097656,221.1699981689453,482.8763122558594,28.555099487304688,211.19000244140625,199.6649932861328,73.24600219726562,228.52000427246094
2026-01-07 19:10:00+00:00,261.92999267578125,137.8300018310547,338.9200134277344,291.0899963378906,261.18499755859375,293.82000732421875,113.45999908447266,424.94000244140625,292.2349853515625,209.15499877929688,339.7900085449219,243.57000732421875,635.25,114.80000305175781,1227.1600341796875,346.82501220703125,620.655029296875,94.64900207519531,,48.959999084472656,85.06999969482422,323.0,338.54998779296875,208.9499969482422,27.703699111938477,883.2774047851562,38.3650016784668,482.510009765625,75.06500244140625,63.61000061035156,35.46989822387695,188.46499633789062,84.17500305175781,231.69500732421875,141.8000030517578,70.4000015258789,204.39999389648438,43.04499816894531,140.52000427246094,40.85499954223633,67.94000244140625,80.44000244140625,86.12000274658203,123.16500091552734,323.7300109863281,323.1893005371094,199.8249969482422,717.7100219726562,174.38999938964844,42.650001525878906,654.2899780273438,594.02001953125,27.18000030517578,23.114999771118164,1364.9200439453125,437.3800048828125,202.5966033935547,320.8949890136719,73.06500244140625,51.744998931884766,2166.14990234375,650.668701171875,76.91999816894531,943.989990234375,84.28620147705078,486.20001220703125,159.89999389648438,338.7099914550781,90.54010009765625,189.69540405273438,237.41000366210938,167.07000732421875,91.68499755859375,195.30320739746094,112.08999633789062,116.49500274658203,121.40499877929688,137.72999572753906,184.33999633789062,58.70500183105469,177.60000610351562,803.0499877929688,436.3221130371094,186.97999572753906,87.30999755859375,167.97999572753906,521.405029296875,307.8900146484375,162.47999572753906,196.99000549316406,,434.3699951171875,256.4700012207031,186.3000030517578,221.0399932861328,482.8299865722656,28.545000076293945,211.125,199.5399932861328,73.20999908447266,228.38999938964844
2026-01-07 19:11:00+00:00,261.9800109863281,137.6699981689453,338.9599914550781,291.2550048828125,261.2799987792969,293.8799133300781,113.4800033569336,424.8900146484375,292.510009765625,209.05999755859375,339.6400146484375,243.6699981689453,635.6500244140625,114.7300033569336,1227.1134033203125,346.9100036621094,619.6799926757812,94.62999725341797,,49.0,85.05999755859375,323.1099853515625,338.3658142089844,209.0500030517578,27.719999313354492,883.14501953125,38.375,482.7749938964844,75.04499816894531,63.60499954223633,35.494998931884766,188.52000427246094,84.18499755859375,231.69000244140625,141.4499969482422,70.47000122070312,204.4001007080078,43.05500030517578,140.66000366210938,40.82500076293945,,80.45999908447266,86.19000244140625,123.16999816894531,323.7699890136719,323.2699890136719,199.77000427246094,717.260009765625,174.5124969482422,42.6349983215332,654.1300048828125,594.25,27.190000534057617,23.125,1365.4300537109375,437.69000244140625,203.0399932861328,321.04998779296875,73.07499694824219,51.73500061035156,2166.14990234375,650.4600219726562,76.91999816894531,944.5150146484375,84.26000213623047,486.3599853515625,160.22500610351562,338.8900146484375,90.52999877929688,189.75970458984375,237.5500030517578,167.16000366210938,91.76000213623047,195.22999572753906,112.15499877929688,116.55999755859375,121.33999633789062,137.69000244140625,184.42300415039062,58.69599914550781,177.6199951171875,803.0499877929688,436.4100036621094,186.97999572753906,87.29000091552734,168.05990600585938,521.6749877929688,308.1781921386719,162.41000366210938,197.07000732421875,,434.8900146484375,,186.17999267578125,221.02999877929688,482.6549987792969,28.555099487304688,211.10169982910156,199.77609252929688,73.22000122070312,228.6999969482422
2026-01-07 19:12:00+00:00,262.010009765625,137.75999450683594,338.8999938964844,291.1600036621094,261.2149963378906,293.55999755859375,113.44999694824219,425.2799987792969,292.3999938964844,209.0,339.6000061035156,243.5800018310547,634.9199829101562,114.68000030517578,1226.6700439453125,346.80999755859375,619.8800048828125,94.56500244140625,5434.8798828125,49.0,85.07499694824219,322.8599853515625,338.3699951171875,209.1199951171875,27.735000610351562,883.8200073242188,38.375,482.35009765625,75.04499816894531,63.689998626708984,35.51499938964844,188.5449981689453,84.1500015258789,231.4550018310547,141.38999938964844,70.45999908447266,204.39999389648438,43.04499816894531,140.72000122070312,40.83000183105469,,80.41000366210938,86.13999938964844,123.13999938964844,323.7200012207031,323.1719970703125,199.4499969482422,717.02001953125,174.5050048828125,42.635101318359375,653.8049926757812,593.625,27.204999923706055,23.135000228881836,1364.52001953125,437.57000732421875,203.02000427246094,321.1075134277344,73.11000061035156,51.73500061035156,2163.06494140625,650.1849975585938,76.8499984741211,,84.29989624023438,486.1549987792969,160.02000427246094,338.79998779296875,90.53500366210938,189.6699981689453,237.4250030517578,167.2050018310547,91.68000030517578,195.16000366210938,112.15499877929688,116.54000091552734,121.2699966430664,137.63999938964844,184.10000610351562,58.69499969482422,177.49000549316406,803.1649780273438,436.0150146484375,186.97999572753906,87.27999877929688,167.83999633789062,521.5599975585938,308.42999267578125,162.36000061035156,197.02999877929688,,434.8949890136719,256.4949951171875,186.0850067138672,221.0500030517578,483.04998779296875,28.55500030517578,211.07000732421875,200.1699981689453,73.18000030517578,228.65809631347656
2026-01-07 19:13:00+00:00,261.7349853515625,137.7613983154297,339.0199890136719,291.05999755859375,261.2799987792969,293.80999755859375,113.50499725341797,425.7200012207031,292.3800048828125,209.00999450683594,339.6400146484375,243.4550018310547,635.6649780273438,114.80000305175781,1227.25,346.5199890136719,620.1400146484375,94.57749938964844,5433.919921875,49.02000045776367,85.05999755859375,322.8399963378906,338.67999267578125,209.2100067138672,27.7450008392334,884.0800170898438,38.369998931884766,483.0400085449219,75.09010314941406,63.96500015258789,35.53499984741211,188.6199951171875,84.19499969482422,231.47999572753906,141.47000122070312,70.4000015258789,204.39999389648438,43.04999923706055,140.77000427246094,40.82500076293945,,80.43000030517578,86.16500091552734,123.13009643554688,323.5150146484375,323.010009765625,199.97000122070312,717.1719970703125,174.55999755859375,42.69499969482422,653.7150268554688,593.3150024414062,27.21500015258789,23.125,1363.1700439453125,437.4700012207031,203.02000427246094,320.9280090332031,73.19999694824219,51.755001068115234,2162.5,650.2000122070312,76.80500030517578,944.1749877929688,84.30999755859375,485.9049987792969,160.14999389648438,338.8599853515625,90.5250015258789,189.697998046875,237.5749969482422,167.21499633789062,91.6500015258789,195.04849243164062,112.18000030517578,116.59500122070312,121.33000183105469,137.639892578125,183.91009521484375,58.712398529052734,177.5800018310547,803.4600219726562,436.125,187.02499389648438,87.30999755859375,167.89999389648438,521.9299926757812,308.2300109863281,162.6300048828125,196.99000549316406,128.6699981689453,434.79559326171875,,186.1999969482422,221.0399932861328,482.2749938964844,28.549999237060547,211.10000610351562,200.1300048828125,73.19499969482422,228.77999877929688
2026-01-07 19:14:00+00:00,261.7650146484375,137.81500244140625,339.1470031738281,291.1112060546875,261.3599853515625,293.7799987792969,113.48999786376953,425.510009765625,292.32501220703125,209.22369384765625,339.010009765625,243.57000732421875,635.956298828125,114.86000061035156,1227.93994140625,346.6000061035156,620.0499877929688,94.55000305175781,5435.7001953125,49.060001373291016,85.0999984741211,323.04998779296875,338.9549865722656,209.3000030517578,27.764999389648438,883.6599731445312,38.3650016784668,483.2300109863281,75.08999633789062,64.08000183105469,35.51499938964844,188.64500427246094,84.21499633789062,231.4040069580078,141.2100067138672,70.31999969482422,,43.07749938964844,140.69000244140625,40.80500030517578,,80.41400146484375,86.19499969482422,123.12000274658203,323.3599853515625,322.8699951171875,199.60560607910156,717.35498046875,174.60000610351562,42.755001068115234,653.340087890625,592.9949951171875,27.225000381469727,23.125,1363.27001953125,437.3908996582031,203.28500366210938,321.010009765625,73.19000244140625,51.744998931884766,2163.510009765625,650.1950073242188,76.73999786376953,945.2899780273438,84.36000061035156,485.92999267578125,160.4550018310547,339.1050109863281,90.54000091552734,189.8300018310547,237.55999755859375,167.27000427246094,91.63999938964844,195.10000610351562,112.18499755859375,116.5999984741211,121.3499984741211,137.69000244140625,184.13999938964844,58.744998931884766,177.57000732421875,803.8099975585938,436.32000732421875,186.9821014404297,87.34500122070312,167.94500732421875,522.4400024414062,308.0797119140625,162.5399932861328,197.0050048828125,128.81500244140625,435.1000061035156,256.5299987792969,186.2100067138672,221.05499267578125,482.54400634765625,28.540000915527344,211.17999267578125,199.90499877929688,73.22000122070312,228.8699951171875
2026-01-07 19:15:00+00:00,261.7460021972656,137.74000549316406,338.9849853515625,291.0,261.31988525390625,293.510009765625,113.50499725341797,425.8399963378906,292.2449951171875,209.1750030517578,338.739990234375,243.28500366210938,636.1199951171875,114.74500274658203,1226.72998046875,346.4400939941406,619.375,94.5199966430664,5436.9599609375,49.0,85.12000274658203,322.7309875488281,338.864990234375,209.17999267578125,27.7450008392334,883.6300048828125,38.32500076293945,482.364990234375,75.07499694824219,64.15499877929688,35.48500061035156,188.4250030517578,84.1449966430664,231.26199340820312,141.0,70.30500030517578,204.3925018310547,43.084999084472656,140.60000610351562,40.77000045776367,67.94000244140625,80.33999633789062,86.19999694824219,123.08999633789062,323.2149963378906,322.68499755859375,199.47000122070312,717.4400024414062,,42.790000915527344,653.4199829101562,592.6300048828125,27.21500015258789,23.125,1363.25,437.20001220703125,203.3000030517578,320.8299865722656,73.08999633789062,51.73500061035156,2161.0,650.0999755859375,76.73999786376953,944.8300170898438,84.33999633789062,485.67999267578125,160.27000427246094,339.06500244140625,90.50499725341797,189.70599365234375,237.4001007080078,167.1300048828125,91.58499908447266,195.05499267578125,112.1500015258789,116.61499786376953,121.33000183105469,137.7100067138672,183.875,58.74250030517578,177.5399932861328,803.5150146484375,436.19000244140625,186.89500427246094,87.25,167.82009887695312,521.8099975585938,308.375,162.33999633789062,197.05990600585938,128.6199951171875,435.135009765625,,186.14999389648438,220.97000122070312,482.5,28.545000076293945,210.94500732421875,200.11000061035156,73.21089935302734,228.78500366210938
2026-01-07 19:16:00+00:00,261.55999755859375,137.75,339.05999755859375,291.07000732421875,261.3399963378906,293.6000061035156,113.52010345458984,425.114990234375,292.1199951171875,209.1020050048828,338.5950012207031,243.3000030517578,635.4000244140625,114.69999694824219,1226.9599609375,346.6400146484375,618.25,94.5,5436.93017578125,49.0099983215332,85.12000274658203,322.5,338.67999267578125,209.16000366210938,27.725000381469727,882.719970703125,38.310001373291016,481.635986328125,75.04000091552734,64.06999969482422,35.47999954223633,188.4199981689453,84.1500015258789,231.0399932861328,140.72000122070312,70.26000213623047,204.39999389648438,43.09000015258789,140.60499572753906,40.814998626708984,67.91000366210938,80.30000305175781,86.16799926757812,123.11499786376953,323.0,322.4601135253906,199.5399932861328,,174.38999938964844,42.814998626708984,652.4400024414062,592.8099975585938,27.204999923706055,23.125,1363.1650390625,436.989990234375,203.2100067138672,320.8110046386719,73.11499786376953,51.7400016784668,2160.780029296875,649.6400146484375,76.69000244140625,944.8350219726562,84.27999877929688,485.4800109863281,160.0749969482422,338.6482849121094,90.47550201416016,189.5500030517578,237.63999938964844,167.0800018310547,91.37999725341797,195.00999450683594,112.13500213623047,116.52999877929688,121.29000091552734,137.69500732421875,183.75,58.72999954223633,177.52000427246094,803.2150268554688,436.1099853515625,186.85499572753906,87.26000213623047,167.72999572753906,521.52001953125,307.79998779296875,162.2100067138672,196.89500427246094,,435.1499938964844,256.3900146484375,186.22000122070312,220.8800048828125,482.70001220703125,28.524999618530273,210.86500549316406,200.08999633789062,73.21499633789062,228.94000244140625
2026-01-07 19:17:00+00:00,261.6099853515625,137.74000549316406,339.2300109863281,291.1099853515625,261.3351135253906,293.30999755859375,113.54000091552734,425.114990234375,292.2699890136719,209.3000030517578,338.4200134277344,243.3800048828125,635.72998046875,114.66000366210938,1227.5899658203125,346.9150085449219,619.219970703125,94.4800033569336,5436.009765625,48.9900016784668,85.08999633789062,322.6499938964844,339.2598876953125,209.05999755859375,27.739999771118164,883.010009765625,38.29999923706055,481.3800048828125,75.05500030517578,63.90999984741211,35.489898681640625,188.47999572753906,84.1500015258789,230.94000244140625,140.55999755859375,70.2300033569336,204.39999389648438,43.10499954223633,140.77000427246094,40.82500076293945,67.93000030517578,80.30999755859375,86.18000030517578,123.08000183105469,322.9599914550781,322.4100036621094,,716.8200073242188,,42.8650016784668,652.6749877929688,592.614990234375,27.204999923706055,23.125,1364.5699462890625,436.9849853515625,203.4499969482422,320.9649963378906,73.30999755859375,51.744998931884766,2160.080078125,649.6300048828125,76.68000030517578,945.219970703125,84.33000183105469,485.6700134277344,160.11000061035156,338.8800048828125,90.49500274658203,189.60499572753906,237.57000732421875,167.0,91.33999633789062,194.9199981689453,112.17500305175781,116.5999984741211,121.33999633789062,137.68499755859375,183.8699951171875,58.744998931884766,177.67999267578125,803.25,436.2799987792969,186.86500549316406,87.25,167.7949981689453,521.844970703125,308.3599853515625,162.1199951171875,196.82000732421875,,435.3699951171875,256.5096130371094,186.31500244140625,220.82000732421875,482.5899963378906,28.524999618530273,210.8699951171875,200.38999938964844,73.23999786376953,228.9499969482422
2026-01-07 19:18:00+00:00,261.510009765625,137.74000549316406,339.3800048828125,291.3699951171875,261.29998779296875,293.5249938964844,113.54000091552734,424.82000732421875,292.3900146484375,209.29010009765625,338.510009765625,243.35000610351562,636.760009765625,114.73999786376953,1228.3900146484375,347.4501037597656,620.1599731445312,94.45999908447266,,49.029998779296875,,322.3500061035156,339.1000061035156,208.84500122070312,27.7450008392334,882.5,38.290000915527344,481.385009765625,75.05000305175781,63.849998474121094,35.48500061035156,188.47999572753906,84.12000274658203,231.02499389648438,140.72500610351562,70.30000305175781,204.41000366210938,43.1150016784668,140.77999877929688,40.81129837036133,67.93000030517578,80.34380340576172,86.1686019897461,123.08000183105469,323.1300048828125,322.6499938964844,199.4949951171875,718.0599975585938,174.33999633789062,42.85599899291992,652.4749755859375,592.6500244140625,27.21500015258789,23.135000228881836,1365.239990234375,436.9750061035156,203.8000030517578,,73.3499984741211,51.744998931884766,2159.949951171875,649.8201293945312,76.69999694824219,946.0750122070312,84.37000274658203,485.739990234375,160.19000244140625,339.44000244140625,90.5199966430664,189.57620239257812,237.72500610351562,167.0800018310547,91.30000305175781,194.97500610351562,112.16000366210938,116.58000183105469,121.33000183105469,137.72999572753906,183.63999938964844,58.76499938964844,177.7899932861328,803.3200073242188,436.1199951171875,186.8699951171875,87.28500366210938,167.8000030517578,521.9219970703125,309.0400085449219,162.16000366210938,196.85000610351562,,435.3399963378906,,186.19000244140625,220.77000427246094,482.489990234375,28.524999618530273,210.93499755859375,200.83999633789062,73.23999786376953,229.19000244140625
2026-01-07 19:19:00+00:00,261.5299987792969,137.75999450683594,339.3900146484375,291.4700012207031,261.2950134277344,293.4649963378906,113.55500030517578,424.5950012207031,292.6700134277344,209.514892578125,338.360107421875,243.30999755859375,637.3800048828125,114.80000305175781,1229.1099853515625,347.45001220703125,620.2150268554688,94.45999908447266,5442.740234375,49.040000915527344,85.04000091552734,322.2349853515625,339.1650085449219,208.73500061035156,27.7450008392334,882.22998046875,38.28779983520508,482.0899963378906,75.08999633789062,63.65999984741211,35.48500061035156,188.47000122070312,84.13999938964844,231.10020446777344,140.72999572753906,70.31999969482422,,43.119998931884766,140.77999877929688,40.79499816894531,67.94000244140625,80.37999725341797,,123.0999984741211,323.46990966796875,322.8999938964844,199.72999572753906,718.0999755859375,,42.899898529052734,652.5399780273438,592.6500244140625,27.21500015258789,23.125,,436.9150085449219,204.02639770507812,321.2349853515625,73.41500091552734,51.73500061035156,2160.652099609375,650.2100219726562,76.69000244140625,946.0750122070312,84.44509887695312,485.7799987792969,160.25999450683594,339.7200012207031,90.55999755859375,189.61000061035156,237.8699951171875,167.08999633789062,91.30500030517578,195.02000427246094,,116.57499694824219,121.3499984741211,137.66000366210938,183.7899932861328,58.76499938964844,177.83999633789062,803.1099853515625,436.2650146484375,186.86500549316406,87.30999755859375,167.9199981689453,521.9400024414062,309.7878112792969,162.3000030517578,196.86500549316406,128.83999633789062,435.5400085449219,,186.19000244140625,220.65499877929688,482.3399963378906,28.524999618530273,,201.2100067138672,73.23500061035156,229.2050018310547
2026-01-07 19:20:00+00:00,261.4549865722656,137.52000427246094,339.2200012207031,291.4750061035156,261.135009765625,293.3999938964844,113.63999938964844,424.05999755859375,292.55999755859375,209.48800659179688,338.17999267578125,243.110107421875,637.6649780273438,114.91999816894531,1229.77197265625,347.215087890625,619.75,94.47000122070312,5442.419921875,49.04499816894531,85.0250015258789,322.1600036621094,339.29998779296875,208.77999877929688,27.729999542236328,882.2100219726562,38.27000045776367,482.0,75.06500244140625,63.224998474121094,35.474998474121094,188.35000610351562,84.13999938964844,231.32359313964844,140.83999633789062,70.28500366210938,204.41799926757812,43.119998931884766,140.72999572753906,40.77000045776367,67.94000244140625,80.34500122070312,86.19000244140625,122.99320220947266,323.3399963378906,322.7799987792969,199.48800659179688,717.8699951171875,174.4199981689453,42.85139846801758,652.1500244140625,592.3150024414062,27.215499877929688,23.106199264526367,1365.260009765625,436.8074035644531,203.91000366210938,321.0,73.37000274658203,51.73550033569336,2159.830078125,649.9849853515625,76.68000030517578,946.9500122070312,84.4800033569336,485.6499938964844,160.22000122070312,339.8800048828125,90.54499816894531,189.64999389648438,237.75,167.0449981689453,91.25,195.1999053955078,112.01000213623047,116.50499725341797,,137.61000061035156,183.56199645996094,58.78499984741211,177.8000030517578,803.5999755859375,435.92999267578125,186.74000549316406,87.30000305175781,167.8699951171875,521.6849975585938,309.2200012207031,162.18499755859375,196.8800048828125,128.8000030517578,435.0799865722656,256.510009765625,186.10000610351562,220.42999267578125,481.0799865722656,28.525999069213867,210.80999755859375,200.89439392089844,73.23999786376953,229.2899932861328
2026-01-07 19:21:00+00:00,261.3800048828125,137.41000366210938,339.1300048828125,291.5400085449219,261.1600036621094,293.3299865722656,113.66000366210938,423.489990234375,292.5,209.40499877929688,338.4700012207031,243.08999633789062,638.2000122070312,114.86000061035156,1228.912841796875,347.2898864746094,619.7100219726562,94.50499725341797,,49.130001068115234,,322.0400085449219,339.0400085449219,208.85989379882812,27.735000610351562,882.1649780273438,38.27000045776367,482.2300109863281,75.0739974975586,63.08000183105469,35.459999084472656,188.4250030517578,84.16000366210938,231.44700622558594,140.9199981689453,70.26499938964844,204.41000366210938,43.11989974975586,140.74000549316406,40.755001068115234,67.94000244140625,80.3550033569336,86.23999786376953,123.05999755859375,323.3599853515625,322.7793884277344,199.57000732421875,716.8200073242188,174.5,42.869998931884766,652.4320068359375,592.0,27.204999923706055,23.104999542236328,1365.260009765625,436.80499267578125,203.9600067138672,321.06500244140625,73.37999725341797,51.755001068115234,2158.739990234375,650.02001953125,76.69999694824219,,84.4800033569336,485.6225891113281,160.59519958496094,339.6400146484375,90.52999877929688,189.56500244140625,237.6199951171875,167.08999633789062,91.20999908447266,195.4199981689453,112.01499938964844,116.4749984741211,121.30000305175781,137.5500030517578,183.66000366210938,58.779998779296875,177.75,804.7050170898438,435.8399963378906,186.66000366210938,87.29010009765625,167.8800048828125,521.6500244140625,309.1199951171875,162.1999969482422,196.8300018310547,,435.401611328125,256.625,186.1199951171875,,481.3299865722656,28.510000228881836,210.89999389648438,200.77000427246094,73.2300033569336,229.39999389648438
2026-01-07 19:22:00+00:00,261.2850036621094,137.44000244140625,339.0979919433594,291.54998779296875,261.0660095214844,293.3949890136719,113.58999633789062,423.489990234375,292.4549865722656,209.41000366210938,338.5400085449219,242.97500610351562,638.3900146484375,114.7699966430664,1229.1300048828125,347.22198486328125,,94.45999908447266,,49.13999938964844,85.05500030517578,322.0350036621094,339.135009765625,208.77499389648438,27.719999313354492,881.5250244140625,38.255001068115234,481.9649963378906,75.11000061035156,63.040000915527344,35.439998626708984,,84.1500015258789,231.4949951171875,140.85000610351562,70.24500274658203,,43.09000015258789,140.7949981689453,40.7599983215332,,80.36000061035156,86.23999786376953,123.04000091552734,323.260009765625,322.68499755859375,199.52000427246094,716.4199829101562,174.55999755859375,42.86000061035156,652.4500122070312,591.5700073242188,27.209999084472656,23.104999542236328,1364.530029296875,437.04998779296875,204.17999267578125,320.92401123046875,73.41999816894531,51.755001068115234,2158.739990234375,649.739990234375,76.66999816894531,,84.4749984741211,485.4849853515625,160.52999877929688,339.8349914550781,90.49500274658203,189.50999450683594,237.69000244140625,167.1300048828125,91.16000366210938,195.42999267578125,111.98999786376953,116.48999786376953,121.27999877929688,137.52999877929688,183.5399932861328,58.755001068115234,177.80250549316406,805.9000244140625,435.93499755859375,186.60000610351562,87.21499633789062,167.8699951171875,521.8800048828125,309.3800048828125,162.2100067138672,196.78500366210938,,435.6000061035156,,186.14639282226562,220.2100067138672,481.1449890136719,28.5,210.77999877929688,201.36500549316406,73.22000122070312,229.4499969482422
2026-01-07 19:23:00+00:00,261.3999938964844,137.43499755859375,339.0,291.7300109863281,261.0899963378906,293.260009765625,113.55999755859375,424.0870056152344,292.5299987792969,209.47000122070312,338.57501220703125,242.9499969482422,638.469970703125,114.84140014648438,1229.8199462890625,347.25,621.0,94.51000213623047,5440.0,49.12009811401367,85.01000213623047,322.00799560546875,339.2449951171875,208.82000732421875,27.725000381469727,880.4199829101562,38.25,481.8450012207031,75.125,62.97999954223633,35.42499923706055,188.4199981689453,84.1500015258789,231.4250030517578,140.9199981689453,70.23999786376953,,43.084999084472656,140.7449951171875,40.7599983215332,67.94499969482422,80.27999877929688,86.2300033569336,123.05999755859375,323.57989501953125,323.00970458984375,199.58999633789062,716.4199829101562,174.6199951171875,42.86980056762695,652.6199951171875,591.9495849609375,27.200000762939453,23.094999313354492,1366.4100341796875,437.0199890136719,204.22999572753906,321.1300048828125,73.375,51.755001068115234,2158.455078125,649.7435913085938,76.62000274658203,946.9600219726562,84.47000122070312,485.4800109863281,160.76499938964844,340.0,90.4800033569336,189.57330322265625,237.5399932861328,167.07000732421875,91.12999725341797,195.03500366210938,111.9749984741211,116.48999786376953,121.26000213623047,137.5050048828125,183.5699005126953,58.720001220703125,177.80499267578125,805.9000244140625,435.6300048828125,186.58999633789062,87.24500274658203,167.74249267578125,521.72998046875,309.5799865722656,161.97999572753906,196.7899932861328,128.57000732421875,435.57501220703125,256.489990234375,186.14999389648438,220.125,481.3299865722656,28.4950008392334,210.67999267578125,201.47999572753906,73.2300033569336,229.17999267578125
2026-01-07 19:24:00+00:00,261.381591796875,137.5449981689453,339.1400146484375,291.7589111328125,261.07000732421875,293.305908203125,113.52999877929688,424.2900085449219,292.42999267578125,209.50999450683594,338.6600036621094,243.10499572753906,638.030029296875,114.91999816894531,1230.4200439453125,347.19500732421875,620.594970703125,94.4800033569336,,49.119998931884766,85.0199966430664,321.8800048828125,338.93499755859375,208.6999969482422,27.725000381469727,879.9500122070312,38.279998779296875,482.0675048828125,75.11260223388672,63.314998626708984,35.435001373291016,188.41000366210938,84.19000244140625,231.25999450683594,140.9149932861328,70.28500366210938,204.4044952392578,43.08000183105469,140.77000427246094,40.75199890136719,67.93000030517578,80.29000091552734,86.18240356445312,123.02010345458984,323.53509521484375,322.9999084472656,199.55999755859375,,174.50999450683594,42.82500076293945,652.4450073242188,591.9600219726562,27.19499969482422,23.094999313354492,1365.1099853515625,437.2049865722656,204.4499969482422,321.1199951171875,73.46040344238281,51.775001525878906,2156.764892578125,649.8350219726562,76.62999725341797,946.638671875,84.48500061035156,485.3522033691406,160.68499755859375,339.8074035644531,90.4749984741211,189.50999450683594,237.6750030517578,167.07000732421875,91.16000366210938,195.1300048828125,111.96029663085938,116.48999786376953,121.25,137.50999450683594,183.33999633789062,58.690101623535156,177.84500122070312,805.8800048828125,435.79998779296875,186.57789611816406,87.26000213623047,167.74830627441406,521.280029296875,309.95001220703125,162.16000366210938,196.7949981689453,128.50970458984375,435.4750061035156,,186.1300048828125,220.17140197753906,,28.510000228881836,210.63499450683594,201.47999572753906,73.22000122070312,229.19500732421875
2026-01-07 19:25:00+00:00,261.452392578125,137.61000061035156,339.17999267578125,291.7200012207031,261.1600036621094,293.3500061035156,113.56999969482422,423.75,292.3299865722656,209.47000122070312,338.989990234375,242.97999572753906,637.9451293945312,114.80500030517578,1229.030029296875,346.89300537109375,620.1400146484375,94.47200012207031,5443.0,49.11000061035156,84.98999786376953,321.989990234375,338.80999755859375,208.7100067138672,27.75,880.0164184570312,38.29499816894531,481.8399963378906,75.11499786376953,63.310001373291016,35.400001525878906,188.41000366210938,84.18000030517578,231.44500732421875,140.94000244140625,70.25,204.41000366210938,43.09000015258789,140.77499389648438,40.744998931884766,,80.27999877929688,86.23999786376953,,323.07501220703125,322.5,199.63999938964844,716.0,174.25999450683594,42.77000045776367,652.39501953125,591.9650268554688,27.190000534057617,23.079999923706055,,437.7099914550781,204.27000427246094,321.25,73.48999786376953,51.779998779296875,2156.14013671875,649.7249755859375,76.62999725341797,945.989990234375,84.42620086669922,485.3599853515625,160.64999389648438,339.44000244140625,90.51000213623047,189.343994140625,237.50999450683594,166.9949951171875,91.13999938964844,195.1999969482422,111.94000244140625,116.50779724121094,121.19000244140625,137.52999877929688,183.13499450683594,58.656700134277344,177.76010131835938,806.25,435.79998779296875,186.69000244140625,87.30999755859375,167.5500030517578,521.2849731445312,310.1499938964844,162.10499572753906,196.77999877929688,,435.4200134277344,256.5,186.08999633789062,220.3300018310547,481.2349853515625,28.5049991607666,210.74000549316406,201.4949951171875,73.25,229.27000427246094
2026-01-07 19:26:00+00:00,261.489990234375,137.51499938964844,339.1499938964844,291.7900085449219,261.260009765625,293.44000244140625,113.57499694824219,423.5299987792969,292.2099914550781,209.3800048828125,339.1724853515625,242.8800048828125,637.5399780273438,114.8499984741211,1230.77001953125,346.7799987792969,,94.55000305175781,,49.125,85.03250122070312,,338.8500061035156,208.5800018310547,27.735000610351562,879.97998046875,38.30500030517578,481.8595886230469,75.11540222167969,63.30500030517578,35.415000915527344,188.25999450683594,84.19000244140625,231.32000732421875,140.9250030517578,70.29000091552734,204.41510009765625,43.09749984741211,140.7899932861328,40.73500061035156,67.93000030517578,80.23999786376953,86.21499633789062,123.08000183105469,322.85150146484375,322.2749938964844,199.77000427246094,716.780029296875,174.1999969482422,42.78179931640625,652.405029296875,591.97998046875,27.19499969482422,23.075000762939453,1363.9200439453125,437.7900085449219,204.69000244140625,321.1499938964844,73.51000213623047,51.78499984741211,2156.360107421875,649.60498046875,76.63500213623047,945.4600219726562,84.44000244140625,485.3299865722656,160.74000549316406,339.8299865722656,90.54440307617188,189.2449951171875,237.8300018310547,167.2050018310547,91.125,195.1199951171875,112.00499725341797,116.52999877929688,121.18499755859375,137.52999877929688,183.16720581054688,58.650001525878906,177.74989318847656,806.0,435.79998779296875,186.71749877929688,87.38359832763672,167.5500030517578,521.4199829101562,310.1000061035156,162.0749969482422,196.88999938964844,128.50140380859375,435.4800109863281,,186.10000610351562,220.33999633789062,481.9599914550781,28.5,210.9199981689453,201.49899291992188,73.25,229.38999938964844
2026-01-07 19:27:00+00:00,261.45001220703125,137.5800018310547,339.3900146484375,291.7449951171875,261.2699890136719,293.4800109863281,113.6050033569336,424.7799987792969,292.1700134277344,209.25999450683594,338.92999267578125,243.0449981689453,637.47998046875,114.83999633789062,1229.4300537109375,346.57000732421875,,94.54000091552734,,49.130001068115234,85.0250015258789,321.8851013183594,338.7699890136719,208.52000427246094,27.7450008392334,880.02392578125,38.29499816894531,481.70001220703125,75.13999938964844,63.334999084472656,35.41999816894531,188.22999572753906,84.18000030517578,231.3300018310547,141.16000366210938,70.31999969482422,,43.084999084472656,,40.73500061035156,67.94000244140625,80.20999908447266,86.23999786376953,123.12000274658203,322.54998779296875,321.9815979003906,199.7449951171875,716.4299926757812,174.4149932861328,42.78929901123047,652.4650268554688,592.1400146484375,27.19499969482422,23.084999084472656,1363.56005859375,437.92999267578125,204.73500061035156,321.260009765625,73.55000305175781,51.80500030517578,2156.6298828125,649.7449951171875,76.61000061035156,945.2100219726562,84.43990325927734,485.22149658203125,161.05999755859375,339.7099914550781,90.56999969482422,189.2949981689453,237.8300018310547,,91.12000274658203,195.125,111.98500061035156,116.54000091552734,121.2300033569336,137.5399932861328,183.25010681152344,58.622501373291016,177.72999572753906,806.6699829101562,435.80499267578125,186.77999877929688,87.41999816894531,167.65499877929688,521.6099853515625,310.3562927246094,162.1925048828125,196.9600067138672,,435.6099853515625,,186.01499938964844,220.26499938964844,481.8900146484375,28.5049991607666,210.98500061035156,201.25509643554688,73.23999786376953,229.3332977294922
2026-01-07 19:28:00+00:00,261.5400085449219,137.56500244140625,339.2349853515625,291.7650146484375,261.2200012207031,293.57000732421875,113.55000305175781,424.43499755859375,292.18499755859375,209.1999969482422,338.93499755859375,243.13949584960938,637.1799926757812,114.82499694824219,1229.43994140625,346.4150085449219,620.14501953125,94.55000305175781,,49.099700927734375,85.0250015258789,321.739990234375,338.8599853515625,208.58999633789062,27.7450008392334,879.739990234375,38.28499984741211,481.3699951171875,75.15499877929688,63.470001220703125,35.415000915527344,188.21499633789062,84.16000366210938,231.25999450683594,141.1699981689453,70.27999877929688,204.4149932861328,43.07500076293945,140.7899932861328,40.73500061035156,67.93000030517578,80.16010284423828,86.2300033569336,123.0999984741211,322.5799865722656,322.0199890136719,199.6425018310547,715.989990234375,174.3699951171875,42.79499816894531,652.4249877929688,592.3800048828125,27.19540023803711,23.079999923706055,1363.9200439453125,437.94000244140625,204.68499755859375,321.20001220703125,73.55000305175781,51.72999954223633,2156.635009765625,649.9625244140625,76.62000274658203,944.969970703125,84.37999725341797,485.2900085449219,160.88999938964844,339.59100341796875,90.57499694824219,189.27999877929688,237.63980102539062,167.25,91.05000305175781,195.13499450683594,111.9800033569336,116.4800033569336,121.19999694824219,137.52499389648438,183.53500366210938,58.59400177001953,177.6999969482422,806.5800170898438,435.6499938964844,186.7899932861328,87.46379852294922,167.52499389648438,521.6799926757812,310.375,162.25999450683594,196.9691925048828,,435.79998779296875,256.6400146484375,185.92999267578125,220.17999267578125,481.6650085449219,28.5049991607666,210.9600067138672,201.38499450683594,73.2300033569336,229.2550048828125
2026-01-07 19:29:00+00:00,261.5899963378906,137.60000610351562,339.3800048828125,291.8382873535156,261.2799987792969,293.44000244140625,113.55000305175781,424.3900146484375,292.6499938964844,209.35400390625,338.85009765625,243.25,638.0,114.83499908447266,1229.6748046875,346.4599914550781,620.1500244140625,94.51000213623047,5444.4599609375,49.09000015258789,85.01000213623047,321.7099914550781,338.6600036621094,208.59500122070312,27.754600524902344,879.9000244140625,38.275001525878906,481.55999755859375,75.18000030517578,63.27000045776367,35.415000915527344,188.125,84.16000366210938,231.3699951171875,140.91000366210938,70.30000305175781,204.4149932861328,43.084999084472656,140.875,40.724998474121094,,80.16999816894531,86.26000213623047,123.0999984741211,322.4800109863281,321.9422912597656,199.625,,174.4774932861328,42.849998474121094,652.0300903320312,592.4299926757812,27.19499969482422,23.084999084472656,1364.77001953125,438.0,204.76499938964844,321.04998779296875,73.4800033569336,51.76300048828125,2159.0,649.989990234375,76.58000183105469,945.969970703125,84.3499984741211,485.489990234375,161.0500030517578,339.760009765625,90.58989715576172,189.2801055908203,237.6750030517578,167.2550048828125,91.05999755859375,195.20989990234375,112.0,116.50499725341797,121.18000030517578,137.52000427246094,183.62620544433594,58.630001068115234,177.7550048828125,806.8699951171875,435.7900085449219,186.77999877929688,87.48999786376953,167.75,521.4450073242188,310.5257873535156,162.36000061035156,196.9250030517578,128.49000549316406,435.8599853515625,256.5199890136719,185.91000366210938,219.9600067138672,481.9800109863281,28.520000457763672,210.9499969482422,201.52000427246094,73.23999786376953,229.22999572753906
2026-01-07 19:30:00+00:00,261.614990234375,137.5449981689453,339.218994140625,291.7799987792969,,293.5050048828125,113.5250015258789,424.3299865722656,292.54998779296875,209.22999572753906,338.7799987792969,243.42999267578125,637.9000244140625,114.7500991821289,1228.68505859375,346.2699890136719,620.14501953125,94.51000213623047,5444.5,49.09000015258789,85.05000305175781,321.7200012207031,338.885009765625,208.44500732421875,27.739999771118164,880.760009765625,38.28499984741211,482.0,75.1449966430664,63.2599983215332,35.40999984741211,188.15499877929688,84.16000366210938,231.25,141.11000061035156,70.30000305175781,,43.09000015258789,,40.73350143432617,67.93000030517578,80.16500091552734,86.37000274658203,123.11499786376953,322.4100036621094,321.9115905761719,199.6199951171875,716.1799926757812,174.4199981689453,42.775001525878906,652.4000244140625,592.4219970703125,27.19499969482422,23.084999084472656,1364.219970703125,438.0199890136719,204.33999633789062,321.010009765625,73.48999786376953,51.75,2158.320068359375,650.3200073242188,76.48999786376953,,84.25,485.3699951171875,161.64999389648438,339.4599914550781,90.58999633789062,189.27999877929688,237.75,167.30999755859375,91.17500305175781,195.07000732421875,112.00499725341797,116.4800033569336,121.25,137.52999877929688,183.7700958251953,58.71500015258789,177.6999969482422,806.7899780273438,435.010009765625,186.85000610351562,87.5,167.83999633789062,521.72998046875,310.5299987792969,162.49000549316406,196.89999389648438,128.52000427246094,436.6499938964844,256.54998779296875,186.0500030517578,220.05499267578125,482.260009765625,28.510000228881836,210.9600067138672,201.36990356445312,73.20999908447266,229.36000061035156
2026-01-07 19:31:00+00:00,261.81500244140625,137.4499969482422,339.30999755859375,292.18499755859375,261.3399963378906,293.6099853515625,113.48500061035156,423.7099914550781,292.7225036621094,209.39280700683594,338.8599853515625,243.61000061035156,637.77001953125,116.40499877929688,1229.7750244140625,346.3900146484375,620.1599731445312,94.45999908447266,5438.5498046875,49.08000183105469,85.04000091552734,321.9750061035156,338.875,208.35000610351562,27.735000610351562,880.4169921875,38.28499984741211,482.1099853515625,75.11499786376953,63.244998931884766,35.39500045776367,188.12759399414062,84.19499969482422,231.24000549316406,141.02999877929688,70.29000091552734,,43.064998626708984,140.84500122070312,40.749900817871094,67.97000122070312,80.17500305175781,86.3499984741211,123.1050033569336,322.5899963378906,322.1300048828125,199.69000244140625,716.1724853515625,174.27999877929688,42.847599029541016,652.3200073242188,592.469970703125,27.19499969482422,23.06999969482422,1363.5699462890625,437.93499755859375,204.1999969482422,320.9649963378906,73.56999969482422,51.72999954223633,2160.52490234375,650.4299926757812,76.41000366210938,948.8900146484375,84.45999908447266,485.3699951171875,161.84500122070312,339.54998779296875,90.58499908447266,189.3699951171875,237.91000366210938,167.38999938964844,91.26000213623047,195.22999572753906,112.00499725341797,116.5199966430664,121.27999877929688,137.47000122070312,183.84500122070312,58.71580123901367,177.91000366210938,807.2050170898438,435.2799987792969,186.85000610351562,87.5199966430664,167.8000030517578,522.4550170898438,310.95001220703125,162.6199951171875,196.8800048828125,128.61000061035156,436.593994140625,,186.28500366210938,220.17999267578125,481.9599914550781,28.510000228881836,211.11000061035156,201.2550048828125,73.19999694824219,229.3249969482422
2026-01-07 19:32:00+00:00,261.8399963378906,137.47000122070312,339.6300048828125,292.3399963378906,261.3299865722656,293.69000244140625,113.41999816894531,423.7149963378906,292.92498779296875,209.3699951171875,338.9599914550781,243.6479949951172,637.0,115.25800323486328,1229.7847900390625,346.3500061035156,620.8599853515625,94.44499969482422,,49.04999923706055,85.04499816894531,322.0899963378906,338.79998779296875,208.28500366210938,27.739999771118164,880.7050170898438,38.28499984741211,482.5950012207031,75.10299682617188,63.34000015258789,35.394500732421875,188.0399932861328,84.2300033569336,231.42999267578125,141.0050048828125,70.30000305175781,204.40499877929688,43.04499816894531,140.85499572753906,40.744998931884766,67.97000122070312,80.22000122070312,86.36499786376953,123.06999969482422,322.5899963378906,322.090087890625,199.76499938964844,716.1400146484375,174.44000244140625,42.81460189819336,652.52001953125,592.6749877929688,27.19499969482422,23.084999084472656,1364.010009765625,437.875,204.27000427246094,321.1650085449219,73.52999877929688,51.724998474121094,2160.1650390625,651.219970703125,76.4000015258789,949.4000244140625,84.55000305175781,485.3500061035156,161.7050018310547,339.2149963378906,90.6050033569336,189.44000244140625,238.08999633789062,167.4550018310547,91.27999877929688,195.31170654296875,112.0199966430664,116.52999877929688,121.26000213623047,137.4600067138672,183.9199981689453,58.71500015258789,178.0800018310547,807.2150268554688,435.3599853515625,186.89999389648438,87.52999877929688,167.98779296875,522.6500244140625,311.0799865722656,162.6999969482422,196.89039611816406,,436.6474914550781,,186.3350067138672,220.09629821777344,481.9599914550781,28.514999389648438,211.2100067138672,201.4199981689453,73.16500091552734,229.3249969482422
2026-01-07 19:33:00+00:00,261.8699951171875,137.5500030517578,340.0799865722656,292.25,261.3699951171875,293.8500061035156,113.4000015258789,424.0899963378906,292.8949890136719,209.52999877929688,338.7200012207031,243.6999969482422,637.5850219726562,115.15499877929688,1230.4000244140625,346.3699951171875,619.0499877929688,94.5,5441.26513671875,49.09000015258789,85.01499938964844,322.2659912109375,338.4100036621094,208.4250030517578,27.7549991607666,881.1799926757812,38.310001373291016,482.7099914550781,75.10780334472656,63.44499969482422,35.40999984741211,188.24989318847656,84.24500274658203,231.7100067138672,141.24000549316406,70.37999725341797,204.39500427246094,43.03499984741211,141.07000732421875,40.73500061035156,67.97000122070312,80.18000030517578,86.36499786376953,123.0250015258789,321.9800109863281,321.5,199.8300018310547,716.52001953125,174.32000732421875,42.86439895629883,652.489990234375,592.9400024414062,27.19499969482422,23.084999084472656,1364.27001953125,438.1199951171875,204.28500366210938,321.239990234375,73.55999755859375,51.76499938964844,2160.695068359375,650.7999877929688,76.37000274658203,,84.48999786376953,485.44000244140625,162.0500030517578,339.3399963378906,90.59459686279297,189.54800415039062,238.18499755859375,167.47000122070312,91.33000183105469,195.3300018310547,112.05999755859375,116.61000061035156,121.2699966430664,137.42999267578125,183.9600067138672,58.76499938964844,178.10499572753906,807.1500244140625,435.3599853515625,186.9600067138672,87.54759979248047,168.0,522.6500244140625,311.18499755859375,163.02999877929688,196.86000061035156,128.6699981689453,436.5400085449219,256.6650085449219,186.3000030517578,220.1699981689453,481.9599914550781,28.510000228881836,211.36000061035156,201.4250030517578,73.13999938964844,229.47000122070312
2026-01-07 19:34:00+00:00,261.885009765625,137.59500122070312,339.94000244140625,292.3900146484375,261.31878662109375,293.82000732421875,113.3499984741211,424.1000061035156,292.760009765625,209.4539031982422,339.0,243.75,637.91748046875,115.19989776611328,1230.800048828125,346.4150085449219,618.9500122070312,94.55000305175781,5443.2001953125,49.040000915527344,85.01499938964844,322.0899963378906,338.5899963378906,208.4250030517578,27.7549991607666,880.6336059570312,38.30500030517578,482.56201171875,75.11499786376953,63.40999984741211,35.39500045776367,188.0399932861328,84.26000213623047,231.7100067138672,141.07000732421875,70.41500091552734,,43.029998779296875,141.07000732421875,40.720298767089844,67.94999694824219,80.04000091552734,86.37999725341797,123.06500244140625,322.0,321.5150146484375,199.6999969482422,716.6199951171875,174.4149932861328,42.97990036010742,652.5150146484375,592.8900146484375,27.190000534057617,23.086599349975586,1362.93994140625,438.3399963378906,204.13999938964844,321.3399963378906,73.55500030517578,51.76499938964844,2157.820068359375,650.9692993164062,76.3550033569336,949.3200073242188,84.47000122070312,485.4049987792969,162.00999450683594,339.0950012207031,90.62999725341797,189.5998992919922,238.22999572753906,167.5399932861328,91.33000183105469,195.27999877929688,112.1050033569336,116.66999816894531,121.28500366210938,137.3800048828125,183.9698944091797,58.755001068115234,178.00999450683594,807.3900146484375,435.7300109863281,186.9550018310547,87.54499816894531,167.8699951171875,522.905029296875,311.125,163.0,196.94000244140625,128.52000427246094,436.4901123046875,256.54998779296875,186.25999450683594,220.1699981689453,481.6400146484375,28.510000228881836,211.36000061035156,201.468994140625,73.12999725341797,229.50999450683594
2026-01-07 19:35:00+00:00,261.80999755859375,137.52999877929688,340.0,292.489990234375,261.3349914550781,293.75,113.4000015258789,424.1400146484375,292.7099914550781,209.38499450683594,339.1099853515625,243.60000610351562,638.530029296875,115.2249984741211,1230.25,346.3599853515625,619.0,94.54000091552734,5443.2548828125,49.060001373291016,85.0199966430664,321.95001220703125,338.49090576171875,208.14999389648438,27.75,880.6801147460938,38.310001373291016,482.260009765625,75.11499786376953,63.375,35.375,188.11000061035156,84.25,231.5500030517578,141.11000061035156,70.44000244140625,204.41000366210938,43.040000915527344,141.0449981689453,40.70500183105469,67.94999694824219,80.08000183105469,86.37999725341797,123.0999984741211,322.1099853515625,321.57000732421875,199.60499572753906,716.2000122070312,174.26499938964844,42.99530029296875,652.1699829101562,593.0701293945312,27.19499969482422,23.084999084472656,1363.2049560546875,438.95001220703125,204.17999267578125,321.3500061035156,73.5199966430664,51.790000915527344,2156.739990234375,650.905029296875,76.33000183105469,950.9550170898438,84.43499755859375,485.5,161.868896484375,338.9200134277344,90.63999938964844,189.57000732421875,238.27000427246094,167.5500030517578,91.32499694824219,195.18499755859375,112.10250091552734,116.6500015258789,121.26000213623047,137.39010620117188,183.92999267578125,58.73500061035156,178.0800018310547,807.489990234375,435.7300109863281,186.97900390625,87.58999633789062,167.8000030517578,522.5,311.125,162.8800048828125,196.90499877929688,128.58999633789062,436.3599853515625,256.7799987792969,186.1999969482422,220.14999389648438,481.79998779296875,28.520000457763672,211.23500061035156,201.5,73.12999725341797,229.6199951171875
2026-01-07 19:36:00+00:00,261.8699951171875,137.52000427246094,339.6400146484375,292.3999938964844,261.3450012207031,293.6700134277344,113.41000366210938,423.9949951171875,292.7099914550781,209.39599609375,339.19500732421875,243.58999633789062,637.4500122070312,115.54000091552734,1230.77001953125,346.5400085449219,619.0,94.54000091552734,5444.16015625,49.040000915527344,85.07499694824219,,337.79998779296875,208.10499572753906,27.7549991607666,881.4400024414062,38.31999969482422,482.3699951171875,75.07499694824219,63.41999816894531,35.375,188.11000061035156,84.23999786376953,231.67999267578125,141.07000732421875,70.44999694824219,,43.04499816894531,141.13999938964844,40.71500015258789,67.93000030517578,80.06500244140625,86.37999725341797,123.16000366210938,322.4599914550781,321.95001220703125,199.64500427246094,715.4600219726562,174.30999755859375,42.99129867553711,651.8099975585938,592.7760009765625,27.19499969482422,23.094999313354492,1361.75,438.7550048828125,203.92999267578125,321.19000244140625,73.54000091552734,51.79499816894531,2156.800048828125,650.7550048828125,76.30999755859375,950.97998046875,84.4000015258789,485.30999755859375,161.89999389648438,338.65679931640625,90.62000274658203,189.5800018310547,238.4499969482422,167.5800018310547,91.37000274658203,195.0050048828125,112.0199966430664,116.69000244140625,121.26000213623047,137.39999389648438,183.85000610351562,58.715599060058594,178.25,807.5599975585938,435.56500244140625,186.97000122070312,87.5999984741211,167.6750030517578,522.4949951171875,310.65069580078125,162.86000061035156,196.92999267578125,,436.6300048828125,256.55999755859375,186.24000549316406,220.0800018310547,481.82000732421875,28.524999618530273,211.25999450683594,201.75,73.12000274658203,229.72999572753906
2026-01-07 19:37:00+00:00,262.1000061035156,137.52000427246094,339.7099914550781,292.3599853515625,261.2749938964844,293.5350036621094,113.45999908447266,424.2799987792969,292.80499267578125,209.4600067138672,339.19500732421875,243.49569702148438,638.0599975585938,115.93000030517578,1230.47998046875,346.4150085449219,618.9600219726562,94.55999755859375,,49.060001373291016,85.12000274658203,322.1199951171875,337.5,208.0,27.760000228881836,881.9099731445312,38.279998779296875,483.2149963378906,75.05000305175781,63.345001220703125,35.369998931884766,188.08999633789062,84.1500015258789,231.67999267578125,141.25999450683594,70.46499633789062,,43.025001525878906,141.30999755859375,40.69499969482422,67.91000366210938,80.08999633789062,86.30999755859375,123.15499877929688,322.6933898925781,322.1466979980469,199.59500122070312,715.364990234375,174.41000366210938,42.8650016784668,652.0399780273438,593.0499877929688,27.174999237060547,23.079700469970703,1361.9150390625,438.260009765625,203.72000122070312,321.1449890136719,73.5,51.78499984741211,2152.678466796875,650.625,76.25,950.3099975585938,84.44999694824219,485.30499267578125,162.03500366210938,338.6400146484375,90.63849639892578,189.55999755859375,238.25999450683594,167.5,91.33999633789062,195.0500030517578,111.9800033569336,116.58999633789062,121.26499938964844,137.35499572753906,183.83999633789062,58.70500183105469,178.2100067138672,807.5974731445312,435.20001220703125,186.94509887695312,87.60009765625,167.6199951171875,523.0,311.2134094238281,162.7100067138672,196.89999389648438,,436.45001220703125,256.57000732421875,186.07000732421875,220.05999755859375,481.75,28.53499984741211,211.27999877929688,201.81280517578125,73.09500122070312,229.60000610351562
2026-01-07 19:38:00+00:00,262.1700134277344,137.52999877929688,339.8299865722656,292.20001220703125,261.2200012207031,293.70001220703125,113.41999816894531,423.9949951171875,292.93499755859375,209.61000061035156,339.1499938964844,243.4250030517578,638.226806640625,116.18000030517578,1231.0,346.4100036621094,617.5850219726562,94.56999969482422,5443.2548828125,49.060001373291016,85.12000274658203,322.2099914550781,337.6000061035156,208.00999450683594,27.75,881.4749755859375,38.279998779296875,483.42999267578125,75.04000091552734,63.275001525878906,35.349998474121094,188.08250427246094,84.13500213623047,231.6199951171875,141.36500549316406,70.48500061035156,,43.025001525878906,141.27000427246094,40.685001373291016,67.91500091552734,80.06500244140625,86.23999786376953,,322.7250061035156,322.16009521484375,199.47999572753906,715.3499755859375,174.41000366210938,42.834999084472656,652.4500122070312,592.6699829101562,27.174999237060547,23.07110023498535,1361.9100341796875,438.3525085449219,203.7899932861328,320.8800048828125,73.43000030517578,51.78499984741211,2152.2548828125,650.64990234375,76.23500061035156,949.469970703125,84.41999816894531,485.1600036621094,162.10000610351562,338.4898986816406,90.66000366210938,189.67999267578125,238.1999969482422,167.38499450683594,91.33999633789062,195.22000122070312,111.94999694824219,116.5,121.23999786376953,137.32000732421875,183.89999389648438,58.724998474121094,178.27000427246094,806.5250244140625,,186.8800048828125,87.625,167.7449951171875,523.280029296875,311.3450012207031,162.69000244140625,196.88999938964844,128.47000122070312,436.2799987792969,,186.0399932861328,219.9600067138672,481.0400085449219,28.540000915527344,211.4499969482422,201.9250030517578,73.05999755859375,229.63999938964844
2026-01-07 19:39:00+00:00,262.3599853515625,137.5,340.19000244140625,292.2950134277344,261.3500061035156,293.80999755859375,113.44000244140625,422.864990234375,292.8599853515625,209.57000732421875,339.05999755859375,243.5478057861328,638.2449951171875,116.125,1230.550048828125,346.4200134277344,617.625,94.57499694824219,5445.27978515625,49.040000915527344,85.08999633789062,322.2099914550781,337.7200012207031,208.27000427246094,27.770000457763672,881.72998046875,38.26250076293945,483.57000732421875,75.03500366210938,63.310001373291016,35.34000015258789,188.13499450683594,84.16000366210938,231.75999450683594,141.5500030517578,70.50499725341797,204.4149932861328,43.029998779296875,141.25999450683594,40.665000915527344,67.90499877929688,80.1500015258789,86.19999694824219,123.12000274658203,322.7300109863281,322.20001220703125,199.55999755859375,715.719970703125,174.42999267578125,42.82500076293945,652.5150146484375,592.4600219726562,27.174999237060547,23.075000762939453,1361.5699462890625,438.1000061035156,203.67999267578125,320.94000244140625,73.4800033569336,51.8650016784668,2153.699951171875,650.6400146484375,76.2300033569336,949.4650268554688,84.43000030517578,485.260009765625,162.27000427246094,338.2300109863281,90.68990325927734,189.72500610351562,,167.22999572753906,91.375,195.1300048828125,111.98999786376953,116.44999694824219,121.25,137.32000732421875,183.82000732421875,58.75519943237305,178.30499267578125,806.9400024414062,435.239990234375,,87.62000274658203,167.8300018310547,523.7899780273438,311.2799987792969,162.97999572753906,196.89500427246094,128.52999877929688,436.3949890136719,,186.02000427246094,220.0800018310547,481.010009765625,28.545000076293945,211.52499389648438,202.0,73.09500122070312,229.55999755859375
2026-01-07 19:40:00+00:00,262.35198974609375,137.52000427246094,340.0050048828125,292.1700134277344,261.32501220703125,293.80999755859375,113.41000366210938,422.3800048828125,292.7900085449219,209.4600067138672,339.1199951171875,243.51499938964844,638.2664184570312,115.73500061035156,1230.300048828125,345.99798583984375,617.260009765625,94.58000183105469,5445.39990234375,49.040000915527344,85.11000061035156,322.0199890136719,337.4949951171875,208.25,27.764999389648438,881.7000122070312,38.25,483.4750061035156,75.0199966430664,63.57500076293945,35.345001220703125,188.19000244140625,84.17500305175781,231.50999450683594,141.4199981689453,70.48999786376953,,43.03499984741211,141.25999450683594,40.650001525878906,67.89990234375,80.08999633789062,86.1500015258789,123.125,322.5799865722656,321.9800109863281,199.3350067138672,715.4349975585938,174.3800048828125,42.71500015258789,652.4500122070312,592.5,27.174999237060547,23.075000762939453,1361.3299560546875,438.114990234375,203.69000244140625,321.0,73.41000366210938,51.86000061035156,2153.419921875,650.5499877929688,76.2300033569336,949.0,84.37000274658203,485.19000244140625,161.7899932861328,337.8949890136719,90.69499969482422,189.60009765625,238.28250122070312,167.36500549316406,91.36000061035156,194.9550018310547,112.0,116.4749984741211,121.18000030517578,137.3249969482422,183.74000549316406,58.74319839477539,178.27999877929688,805.510009765625,435.3999938964844,186.85000610351562,87.5999984741211,167.75999450683594,523.3699951171875,310.6199951171875,162.9149932861328,197.01939392089844,128.52499389648438,436.51708984375,256.67999267578125,185.89500427246094,220.24000549316406,481.3999938964844,28.545000076293945,211.35499572753906,201.99000549316406,,229.55999755859375
2026-01-07 19:41:00+00:00,262.34991455078125,137.3800048828125,339.989990234375,292.1239929199219,261.239990234375,293.7200012207031,113.36000061035156,422.44000244140625,292.8890075683594,209.5399932861328,339.0,243.4600067138672,638.3300170898438,115.65499877929688,1230.1199951171875,345.9200134277344,616.405029296875,94.55500030517578,5442.9794921875,49.040000915527344,85.11000061035156,322.1000061035156,337.57000732421875,208.38999938964844,27.770999908447266,881.4451904296875,38.279998779296875,484.0400085449219,75.01029968261719,63.66999816894531,35.32500076293945,,84.16000366210938,231.51499938964844,141.52999877929688,70.44999694824219,204.4149932861328,42.98500061035156,141.2899932861328,40.654998779296875,67.88999938964844,80.08499908447266,86.0999984741211,123.04000091552734,322.54998779296875,321.92999267578125,199.1898956298828,715.010009765625,174.27999877929688,42.63019943237305,652.3499755859375,591.9500122070312,27.174999237060547,23.075000762939453,1360.7900390625,437.9100036621094,203.56500244140625,,73.40499877929688,51.86000061035156,2151.070068359375,650.6300048828125,76.2300033569336,950.530517578125,84.38999938964844,485.1199951171875,161.78990173339844,338.3464050292969,90.7249984741211,189.5,238.27000427246094,167.39999389648438,91.43499755859375,194.9199981689453,112.01000213623047,116.41500091552734,121.19999694824219,137.27999877929688,183.77699279785156,58.724998474121094,178.22999572753906,805.8499755859375,435.05999755859375,186.89999389648438,87.55999755859375,167.75,523.1199951171875,310.7749938964844,162.97000122070312,196.9600067138672,128.47000122070312,436.4800109863281,,185.8300018310547,220.14999389648438,481.260009765625,28.545000076293945,211.33999633789062,202.22000122070312,73.06999969482422,229.5749969482422
2026-01-07 19:42:00+00:00,262.45001220703125,137.47999572753906,340.2300109863281,292.2300109863281,261.3599853515625,293.8349914550781,113.33999633789062,421.5299987792969,293.05499267578125,209.7050018310547,338.81500244140625,243.5800018310547,638.239990234375,115.77999877929688,1230.3699951171875,346.0050048828125,617.9600219726562,94.55000305175781,5443.5498046875,49.064998626708984,85.12999725341797,322.1400146484375,337.9967956542969,208.50999450683594,27.780000686645508,881.760009765625,38.29999923706055,483.8200988769531,75.0250015258789,63.65999984741211,35.314998626708984,188.25,84.20999908447266,231.64999389648438,141.6199951171875,70.50499725341797,204.4199981689453,42.96500015258789,141.25,40.665000915527344,67.88999938964844,80.05000305175781,86.08999633789062,123.04000091552734,322.5849914550781,322.0101013183594,199.47000122070312,715.3200073242188,174.24000549316406,42.65999984741211,652.989990234375,592.510009765625,27.184999465942383,23.084999084472656,1361.22998046875,437.8800048828125,203.75,321.125,73.43000030517578,51.89500045776367,2153.2099609375,650.6199951171875,76.25499725341797,949.7999877929688,84.447998046875,485.20001220703125,161.7550048828125,338.239990234375,90.76000213623047,189.53199768066406,238.39999389648438,167.49000549316406,91.4000015258789,194.8800048828125,112.0250015258789,116.5,121.16999816894531,137.33999633789062,183.8699951171875,58.744998931884766,178.32000732421875,805.4000244140625,435.0299987792969,186.9600067138672,87.55999755859375,167.7899932861328,523.72998046875,310.8399963378906,162.97500610351562,197.11000061035156,,436.4200134277344,256.4599914550781,185.8800048828125,220.19000244140625,480.94000244140625,28.545000076293945,211.35499572753906,202.42999267578125,73.05999755859375,229.8249969482422
2026-01-07 19:43:00+00:00,262.3887939453125,137.46499633789062,339.9200134277344,292.2300109863281,261.3468017578125,293.8475036621094,113.38999938964844,421.0,292.9800109863281,209.86000061035156,338.55999755859375,243.63600158691406,638.280029296875,115.7699966430664,1230.1600341796875,346.07000732421875,618.3099975585938,94.54000091552734,5443.5498046875,49.08000183105469,85.16999816894531,322.04998779296875,337.8500061035156,208.5800018310547,27.770000457763672,881.6085205078125,38.32500076293945,484.0199890136719,75.0250015258789,63.685001373291016,35.29499816894531,188.1999969482422,84.20500183105469,231.81500244140625,141.6999969482422,70.52999877929688,,42.96500015258789,141.1999969482422,40.665000915527344,67.9000015258789,80.04000091552734,86.0999984741211,122.98999786376953,322.61248779296875,322.0799865722656,199.39500427246094,715.9199829101562,174.35499572753906,42.67499923706055,652.989990234375,592.4299926757812,27.19499969482422,23.084999084472656,1361.22998046875,438.04998779296875,203.73500061035156,321.0874938964844,73.43000030517578,51.8650016784668,2153.340087890625,650.760009765625,76.27999877929688,951.9600219726562,84.43800354003906,485.32000732421875,161.86000061035156,338.0950012207031,90.75499725341797,189.62319946289062,238.2550048828125,167.32000732421875,91.30999755859375,194.87010192871094,112.01000213623047,116.44000244140625,121.16999816894531,137.3699951171875,184.01499938964844,58.73400115966797,178.30999755859375,805.39501953125,,186.92999267578125,87.56999969482422,167.82310485839844,523.989990234375,311.0,162.97999572753906,197.05999755859375,,436.7900085449219,256.4800109863281,185.77000427246094,220.17999267578125,480.9599914550781,28.55500030517578,211.52499389648438,202.5399932861328,73.05500030517578,229.7760009765625
2026-01-07 19:44:00+00:00,262.32501220703125,137.5050048828125,339.8500061035156,292.3599853515625,261.30499267578125,293.875,113.45500183105469,421.2200012207031,293.0199890136719,209.96499633789062,339.010009765625,243.5500030517578,638.5850219726562,116.30500030517578,1230.1700439453125,346.1199951171875,616.7999877929688,94.54499816894531,5438.93994140625,49.060001373291016,,322.1400146484375,337.7799987792969,208.50999450683594,27.7549991607666,881.7119140625,38.33000183105469,484.07501220703125,75.0250015258789,63.60499954223633,35.30500030517578,,84.19000244140625,231.75,141.5399932861328,70.55500030517578,204.4199981689453,42.994998931884766,141.25750732421875,40.665000915527344,,79.98999786376953,86.05000305175781,123.08000183105469,322.6000061035156,321.9849853515625,199.52000427246094,716.2000122070312,174.3699951171875,42.790000915527344,652.8599853515625,592.7349853515625,27.19499969482422,23.09000015258789,1360.7099609375,437.92498779296875,203.6300048828125,320.8999938964844,73.44999694824219,51.8650016784668,2153.324951171875,650.6849975585938,76.19000244140625,952.2999877929688,84.48999786376953,485.1700134277344,162.00999450683594,338.0497131347656,90.72989654541016,189.57000732421875,,167.3350067138672,91.31999969482422,194.88999938964844,112.02999877929688,116.44999694824219,121.16999816894531,137.35000610351562,184.2050018310547,58.7333984375,178.4600067138672,,434.94000244140625,186.92010498046875,87.47000122070312,167.82000732421875,524.030029296875,310.7200012207031,163.02999877929688,197.00999450683594,,436.9800109863281,256.489990234375,185.83999633789062,220.02000427246094,480.9599914550781,28.554500579833984,211.4550018310547,202.53500366210938,73.08999633789062,229.8699951171875
2026-01-07 19:45:00+00:00,262.20001220703125,137.58999633789062,339.7699890136719,292.3399963378906,261.3599853515625,293.7300109863281,113.44999694824219,420.989990234375,292.80999755859375,209.9600067138672,338.9800109863281,243.5301055908203,639.125,116.30999755859375,1230.199951171875,346.0899963378906,619.02001953125,94.5199966430664,5438.63232421875,49.05500030517578,85.19999694824219,321.9700012207031,337.6199951171875,208.57000732421875,27.764999389648438,881.6199951171875,38.36000061035156,483.9599914550781,75.01499938964844,63.6150016784668,35.310001373291016,188.27000427246094,84.19999694824219,231.80999755859375,141.44000244140625,70.58999633789062,204.39999389648438,42.994998931884766,141.2550048828125,40.650001525878906,67.88999938964844,79.95590209960938,86.0999984741211,123.05500030517578,322.2099914550781,321.6199951171875,199.52999877929688,715.9349975585938,174.3300018310547,42.790000915527344,652.6500244140625,592.969970703125,27.19499969482422,23.07990074157715,1360.7850341796875,437.989990234375,203.55999755859375,320.82501220703125,73.4000015258789,51.85499954223633,2153.340087890625,651.0999755859375,76.22000122070312,952.7100219726562,84.48750305175781,485.2250061035156,162.10499572753906,337.57000732421875,90.71499633789062,189.46499633789062,238.74000549316406,167.33999633789062,91.29000091552734,194.8350067138672,112.04000091552734,116.45999908447266,121.16999816894531,137.35000610351562,184.32000732421875,58.73500061035156,178.50999450683594,805.1849975585938,435.25,186.875,87.29499816894531,167.75999450683594,524.2100219726562,310.6499938964844,162.9600067138672,197.05999755859375,128.5399932861328,437.0740051269531,256.2449951171875,185.9499053955078,220.1374969482422,480.3299865722656,28.559999465942383,211.46499633789062,202.343994140625,73.1050033569336,229.85000610351562
2026-01-07 19:46:00+00:00,262.07000732421875,137.63999938964844,339.8599853515625,292.2799987792969,261.3500061035156,293.80499267578125,113.5250015258789,420.9700012207031,292.5400085449219,209.97000122070312,338.7900085449219,243.4199981689453,639.1749877929688,116.25499725341797,1229.1600341796875,346.07000732421875,619.25,94.5250015258789,5438.39501953125,49.060001373291016,85.18499755859375,322.1700134277344,337.73199462890625,208.61000061035156,27.7549991607666,881.8400268554688,38.400001525878906,484.19500732421875,75.03500366210938,63.55500030517578,35.30500030517578,188.28500366210938,84.23999786376953,231.8000030517578,141.60499572753906,70.58000183105469,,43.0099983215332,141.24000549316406,40.650001525878906,67.88500213623047,79.95999908447266,86.07499694824219,123.02999877929688,322.19500732421875,321.6000061035156,199.55499267578125,715.3800048828125,,42.7599983215332,652.8800048828125,592.5650024414062,27.174999237060547,23.075000762939453,1360.7850341796875,438.0060119628906,203.4949951171875,320.625,73.3499984741211,51.85499954223633,2150.60009765625,650.9500122070312,76.16000366210938,953.8599853515625,84.57499694824219,485.36248779296875,162.14320373535156,337.7900085449219,90.74500274658203,189.44009399414062,238.656005859375,167.28500366210938,91.30500030517578,194.9600067138672,112.05000305175781,116.45999908447266,121.13500213623047,137.3300018310547,184.45010375976562,58.73500061035156,178.52999877929688,804.1950073242188,435.69500732421875,186.875,87.2300033569336,167.64999389648438,524.219970703125,310.80999755859375,163.0500030517578,197.0800018310547,128.5,437.0060119628906,256.3699951171875,185.8350067138672,220.11000061035156,480.2850036621094,28.565000534057617,211.55999755859375,202.1999969482422,73.13999938964844,229.86000061035156
2026-01-07 19:47:00+00:00,262.0,137.52499389648438,339.97119140625,292.1400146484375,261.2850036621094,293.8680114746094,113.5250015258789,420.9599914550781,292.668212890625,210.16000366210938,339.04998779296875,243.36500549316406,639.1875,116.05000305175781,1228.6650390625,346.0929870605469,619.24462890625,94.55500030517578,5438.39501953125,49.064998626708984,85.18000030517578,322.1400146484375,337.7300109863281,208.05499267578125,27.7549991607666,881.6300048828125,38.433998107910156,484.1000061035156,75.0343017578125,63.5099983215332,35.314998626708984,188.2899932861328,84.26000213623047,231.8249969482422,141.6179962158203,70.61000061035156,,43.025001525878906,141.25,40.66999816894531,67.88999938964844,79.9800033569336,86.13999938964844,123.05999755859375,322.17999267578125,321.55999755859375,199.44000244140625,715.1900024414062,174.3000946044922,42.76029968261719,653.3201293945312,592.3900146484375,27.184999465942383,23.065000534057617,1361.5899658203125,437.9700012207031,203.64999389648438,320.6474914550781,73.30999755859375,51.83440017700195,2150.679931640625,650.9600219726562,76.16000366210938,953.8800048828125,84.58999633789062,485.2699890136719,162.3350067138672,337.92999267578125,90.81500244140625,189.4550018310547,238.5500030517578,167.27000427246094,91.2699966430664,195.0449981689453,112.0199966430664,116.45500183105469,121.1500015258789,137.33999633789062,184.5800018310547,58.729000091552734,178.5800018310547,804.8599853515625,435.54998779296875,186.85000610351562,87.19000244140625,167.6999969482422,524.4400024414062,310.9100036621094,163.02499389648438,197.0800018310547,128.58999633789062,437.0350036621094,,185.7449951171875,220.10000610351562,480.2850036621094,28.559999465942383,211.57000732421875,202.2725067138672,73.19999694824219,229.92999267578125
2026-01-07 19:48:00+00:00,262.0154113769531,137.65499877929688,339.9750061035156,292.135009765625,261.3599853515625,293.8900146484375,113.56500244140625,421.80999755859375,292.5400085449219,210.09500122070312,339.135009765625,243.33999633789062,639.0214233398438,116.0199966430664,1228.1300048828125,346.029296875,619.22998046875,94.60929870605469,,49.05459976196289,85.19000244140625,322.13800048828125,338.3599853515625,208.0749969482422,27.75,881.7075805664062,38.435001373291016,483.92999267578125,75.06500244140625,63.63999938964844,35.32500076293945,188.30999755859375,84.2699966430664,231.875,141.67999267578125,70.63700103759766,204.40499877929688,43.03499984741211,141.27999877929688,40.650001525878906,67.94000244140625,79.88999938964844,,123.23500061035156,322.4400939941406,321.8301086425781,199.55499267578125,715.869873046875,175.1699981689453,42.790000915527344,653.5,592.510009765625,27.180099487304688,23.065000534057617,1361.5400390625,438.1199951171875,203.69000244140625,320.4700012207031,73.2699966430664,51.76499938964844,2150.679931640625,650.9600219726562,76.1500015258789,952.7100219726562,84.5250015258789,485.4104919433594,162.2299041748047,338.1499938964844,90.8949966430664,189.44430541992188,238.4499969482422,167.25,91.27999877929688,195.10000610351562,112.02999877929688,116.44999694824219,121.18000030517578,137.27000427246094,184.64329528808594,58.744998931884766,178.6300048828125,806.5,435.7699890136719,186.77999877929688,87.1417007446289,167.6999969482422,524.3200073242188,311.44000244140625,163.0399932861328,197.1999969482422,128.6300048828125,436.9100036621094,256.4599914550781,185.72000122070312,220.02999877929688,480.92999267578125,28.565000534057617,211.60000610351562,202.5399932861328,73.19999694824219,229.8000030517578
2026-01-07 19:49:00+00:00,261.95001220703125,137.6750030517578,340.1050109863281,292.1300048828125,261.5270080566406,293.989990234375,113.56289672851562,422.0150146484375,292.57501220703125,210.1033935546875,339.04998779296875,243.28140258789062,639.1950073242188,115.93499755859375,1228.5,346.0249938964844,,94.56999969482422,5438.75,49.03499984741211,85.17960357666016,322.1099853515625,338.2850036621094,208.05499267578125,27.7549991607666,881.6699829101562,38.44779968261719,484.18499755859375,75.08499908447266,63.625,35.31999969482422,188.25,84.25,231.7899932861328,141.63999938964844,70.68000030517578,,43.029998779296875,,40.64500045776367,67.93499755859375,79.91999816894531,86.19000244140625,123.16000366210938,322.3514099121094,321.80999755859375,199.4550018310547,715.2999877929688,175.2050018310547,42.750099182128906,653.5800170898438,592.4500122070312,27.174999237060547,23.065000534057617,1361.8499755859375,437.86749267578125,203.77000427246094,320.44000244140625,73.20999908447266,51.755001068115234,2151.909912109375,651.14501953125,76.23999786376953,951.1900024414062,84.55000305175781,485.38299560546875,162.1699981689453,338.07000732421875,90.91999816894531,189.4600067138672,238.52000427246094,167.17999267578125,91.37000274658203,195.2191925048828,112.0,116.41999816894531,121.16500091552734,137.22999572753906,184.76499938964844,58.744998931884766,178.55999755859375,806.1900024414062,,186.72999572753906,87.0250015258789,167.71499633789062,524.1599731445312,311.489990234375,162.97999572753906,197.22000122070312,128.59500122070312,436.9700012207031,256.510009765625,185.77999877929688,220.13600158691406,481.0224914550781,28.56999969482422,211.5970001220703,202.625,73.18009948730469,230.07400512695312
2026-01-07 19:50:00+00:00,261.92498779296875,137.625,339.95001220703125,292.1199951171875,261.4800109863281,293.92999267578125,113.55000305175781,422.5899963378906,292.67498779296875,210.1300048828125,338.9549865722656,243.22000122070312,638.3900146484375,115.61000061035156,1228.4580078125,346.0,619.7449951171875,94.55999755859375,5437.3251953125,49.02000045776367,85.19499969482422,322.0799865722656,338.2959899902344,208.13499450683594,27.75,881.5999755859375,38.415000915527344,484.2850036621094,75.05000305175781,63.56999969482422,35.30500030517578,188.28500366210938,84.23999786376953,231.7899932861328,141.60000610351562,70.63999938964844,204.4001007080078,43.04499816894531,141.2274932861328,40.64500045776367,67.92500305175781,79.93000030517578,86.12000274658203,123.16999816894531,322.0899963378906,321.4849853515625,199.4600067138672,715.3300170898438,175.44009399414062,42.73540115356445,653.614990234375,592.6199951171875,27.170000076293945,23.065000534057617,1362.0999755859375,437.80999755859375,203.74249267578125,320.4599914550781,73.2300033569336,51.775001525878906,2150.679931640625,650.9199829101562,76.16000366210938,950.6400146484375,84.5199966430664,485.1199951171875,162.37249755859375,337.760009765625,90.87069702148438,189.49000549316406,238.52499389648438,167.11000061035156,91.33000183105469,195.22999572753906,111.98999786376953,116.41999816894531,121.125,137.14999389648438,184.72999572753906,58.72999954223633,178.52499389648438,806.3350219726562,435.75,,87.05249786376953,167.6699981689453,524.3800048828125,311.6700134277344,162.94000244140625,197.22999572753906,128.55499267578125,437.17620849609375,256.5299987792969,185.7449951171875,220.19000244140625,480.7950134277344,28.575000762939453,211.46499633789062,202.7449951171875,73.19000244140625,230.10000610351562
2026-01-07 19:51:00+00:00,261.9100036621094,137.6199951171875,339.95001220703125,292.1400146484375,261.3800048828125,293.864990234375,113.5199966430664,423.6000061035156,292.75,210.0950927734375,339.2049865722656,243.1999969482422,638.094970703125,115.67500305175781,1228.9150390625,345.9601135253906,619.5999755859375,94.24600219726562,5438.7548828125,49.0099983215332,85.29000091552734,321.9599914550781,338.1200866699219,207.96499633789062,27.7549991607666,881.5599975585938,38.415000915527344,484.1603088378906,75.01499938964844,63.77000045776367,35.29999923706055,188.27499389648438,84.29000091552734,231.80999755859375,141.4600067138672,70.63999938964844,,43.03499984741211,141.2100067138672,40.58000183105469,67.91000366210938,79.95500183105469,86.1449966430664,123.23600006103516,322.20001220703125,321.54998779296875,199.3209991455078,716.3200073242188,176.1999969482422,42.744998931884766,653.4849853515625,592.6199951171875,27.170000076293945,23.065000534057617,1362.1099853515625,437.67999267578125,203.80999755859375,320.3550109863281,73.36000061035156,51.79999923706055,2154.320068359375,650.846923828125,76.16500091552734,950.8499755859375,84.55500030517578,485.1050109863281,162.4250030517578,337.7850036621094,90.90499877929688,189.49989318847656,238.75,167.07000732421875,91.30000305175781,195.17030334472656,112.0199966430664,116.31999969482422,121.0999984741211,137.18499755859375,184.72999572753906,58.7400016784668,178.6199951171875,807.0,435.760009765625,186.7523956298828,86.93000030517578,167.7100067138672,524.3699951171875,311.82000732421875,162.92999267578125,197.2449951171875,128.52999877929688,436.9750061035156,256.4849853515625,185.7899932861328,220.1649932861328,481.9049987792969,28.559999465942383,,203.0,73.16999816894531,230.05499267578125
2026-01-07 19:52:00+00:00,261.989990234375,137.52999877929688,339.8399963378906,291.95001220703125,261.4599914550781,293.84698486328125,113.48999786376953,424.0,292.54998779296875,210.0449981689453,339.2449951171875,243.25999450683594,637.8300170898438,115.84500122070312,1228.25,345.92999267578125,619.9500122070312,94.4000015258789,5437.31982421875,49.04999923706055,85.26969909667969,321.7900085449219,338.21820068359375,208.22500610351562,27.764999389648438,881.594970703125,38.43000030517578,483.9909973144531,75.01529693603516,63.625,35.29499816894531,188.25999450683594,84.2699966430664,231.82000732421875,141.38999938964844,70.66999816894531,204.39999389648438,43.0099983215332,141.16000366210938,40.560001373291016,67.91000366210938,79.99500274658203,86.16999816894531,123.33999633789062,322.375,321.7650146484375,199.5749969482422,716.3300170898438,175.91000366210938,42.78450012207031,652.9199829101562,592.77001953125,27.165000915527344,23.05780029296875,1361.5699462890625,437.65509033203125,203.80999755859375,320.3299865722656,73.41999816894531,51.70500183105469,2152.9599609375,650.8400268554688,76.16999816894531,953.0900268554688,84.5199966430664,485.135009765625,162.39500427246094,337.9649963378906,90.88999938964844,189.57009887695312,238.8000030517578,167.05499267578125,91.33000183105469,195.1300048828125,112.05000305175781,116.33999633789062,121.0999984741211,137.1649932861328,184.5749969482422,58.7755012512207,178.63999938964844,807.75,435.5950012207031,186.8000030517578,86.9000015258789,167.7100067138672,524.1199951171875,311.9599914550781,162.92999267578125,197.06939697265625,128.5399932861328,437.2500915527344,256.5299987792969,185.78500366210938,220.1649932861328,482.5299987792969,28.565000534057617,211.47999572753906,202.85499572753906,73.13500213623047,230.17999267578125
2026-01-07 19:53:00+00:00,262.0,137.57000732421875,339.8999938964844,291.9200134277344,261.38751220703125,,113.4634017944336,423.32000732421875,292.4649963378906,210.05999755859375,339.5199890136719,243.22999572753906,638.0,115.75,1228.9599609375,345.9263916015625,619.6799926757812,94.41000366210938,5439.97998046875,49.06999969482422,85.19000244140625,321.8599853515625,337.9700012207031,208.0,27.7549991607666,881.4450073242188,38.439998626708984,484.1199951171875,74.98999786376953,63.665000915527344,35.30500030517578,188.19500732421875,84.23999786376953,231.81500244140625,141.4499969482422,70.66999816894531,204.39999389648438,43.0099983215332,141.30499267578125,40.55500030517578,67.8949966430664,80.05380249023438,86.18000030517578,123.4000015258789,322.2699890136719,321.676513671875,199.58999633789062,716.9500122070312,175.9149932861328,42.73500061035156,653.2999877929688,593.0399780273438,27.174999237060547,23.05500030517578,1360.010009765625,437.7449951171875,203.7100067138672,320.3599853515625,73.3949966430664,51.7400016784668,2153.830078125,650.72998046875,76.16999816894531,952.52001953125,84.52100372314453,485.30999755859375,162.38999938964844,337.6300048828125,90.88500213623047,189.62660217285156,238.77999877929688,,91.31500244140625,195.1300048828125,112.0250015258789,116.33999633789062,121.12000274658203,137.2899932861328,184.8000030517578,58.79499816894531,178.6199951171875,808.14501953125,435.6549987792969,186.82000732421875,86.95960235595703,167.6699981689453,524.1491088867188,311.4100036621094,163.1199951171875,197.07000732421875,,437.0899963378906,,185.72999572753906,220.14500427246094,483.20001220703125,28.559999465942383,211.50999450683594,202.47999572753906,73.125,230.13999938964844
2026-01-07 19:54:00+00:00,262.0199890136719,137.61000061035156,339.8399963378906,292.0299072265625,261.45001220703125,294.04998779296875,113.4749984741211,423.6600036621094,292.5199890136719,209.97999572753906,339.9599914550781,243.24000549316406,638.0776977539062,115.79000091552734,1229.3599853515625,345.9049987792969,619.0399780273438,94.44499969482422,5440.18994140625,49.08169937133789,85.19999694824219,321.8382873535156,337.875,208.05999755859375,27.750099182128906,881.5833740234375,38.435001373291016,484.3599853515625,74.98999786376953,63.559600830078125,35.314998626708984,188.11500549316406,84.20500183105469,231.68499755859375,141.52749633789062,70.74500274658203,204.39999389648438,43.03499984741211,141.24000549316406,40.5099983215332,67.87999725341797,80.05999755859375,86.18499755859375,123.45999908447266,322.4898986816406,321.8550109863281,199.39999389648438,716.6649780273438,176.1649932861328,42.75450134277344,653.6461181640625,593.2150268554688,27.175600051879883,23.064599990844727,1359.9803466796875,437.7550048828125,203.86000061035156,320.45001220703125,73.38999938964844,51.759700775146484,2153.830078125,650.8250122070312,76.2300033569336,,84.44499969482422,485.30999755859375,162.33999633789062,337.5,90.90969848632812,189.62350463867188,238.83999633789062,167.0399932861328,91.4749984741211,195.24000549316406,112.06999969482422,116.30999755859375,121.1449966430664,137.3101043701172,184.5850067138672,58.76499938964844,178.61000061035156,808.47998046875,435.7349853515625,186.91000366210938,87.0199966430664,167.71499633789062,524.0700073242188,311.3550109863281,163.0399932861328,197.0749969482422,128.5500030517578,436.9574890136719,,185.64999389648438,220.16000366210938,483.77789306640625,28.565000534057617,211.5,202.07000732421875,73.1449966430664,230.22999572753906
2026-01-07 19:55:00+00:00,261.8500061035156,137.69500732421875,339.8999938964844,291.8900146484375,261.3399963378906,293.8900146484375,113.48999786376953,424.17999267578125,292.5,209.9550018310547,339.9599914550781,243.14999389648438,638.469970703125,115.91999816894531,,345.9700012207031,619.1300048828125,94.44999694824219,5449.76318359375,49.08000183105469,85.17500305175781,321.7300109863281,337.6650085449219,208.08999633789062,27.7549991607666,881.4249877929688,38.42499923706055,484.3299865722656,74.95500183105469,63.6150016784668,35.29999923706055,188.02499389648438,84.20999908447266,231.86000061035156,141.59500122070312,70.70999908447266,204.40220642089844,43.01499938964844,141.31500244140625,40.47999954223633,67.875,80.04000091552734,86.1449966430664,123.5199966430664,322.38751220703125,321.7799987792969,199.41000366210938,716.3499755859375,176.3300018310547,42.709999084472656,652.7000122070312,593.2034301757812,27.174999237060547,23.065000534057617,1358.5899658203125,437.685791015625,203.49000549316406,320.5299987792969,73.29000091552734,51.779998779296875,2155.010009765625,650.6900024414062,76.25,953.0599975585938,84.5,485.375,162.34500122070312,337.6700134277344,90.94000244140625,189.67250061035156,238.5500030517578,166.92999267578125,91.41000366210938,195.2899932861328,112.01000213623047,116.2699966430664,121.11000061035156,137.30999755859375,184.6479949951172,58.75,178.52999877929688,808.3499755859375,435.54998779296875,186.8800048828125,87.04750061035156,167.69500732421875,523.9450073242188,311.13800048828125,163.0399932861328,197.13499450683594,128.61000061035156,436.94000244140625,256.5350036621094,185.49000549316406,220.10499572753906,483.989990234375,28.565399169921875,211.57000732421875,201.97500610351562,73.12000274658203,230.27999877929688
2026-01-07 19:56:00+00:00,261.83349609375,137.6699981689453,339.714599609375,291.989990234375,261.3599853515625,293.9649963378906,113.54000091552734,423.7078857421875,292.3800048828125,209.889892578125,340.42999267578125,242.88999938964844,638.5623168945312,115.66500091552734,1228.8699951171875,345.82501220703125,,94.47000122070312,5451.02490234375,49.084999084472656,85.20999908447266,321.7749938964844,337.8399963378906,208.27000427246094,27.764999389648438,881.5050048828125,38.45500183105469,484.2200012207031,74.94999694824219,63.67499923706055,35.337501525878906,187.96499633789062,84.19000244140625,231.78250122070312,141.6199951171875,70.73999786376953,,43.040000915527344,141.39999389648438,40.470001220703125,67.87999725341797,80.04000091552734,86.16999816894531,123.69000244140625,322.3699951171875,321.7850036621094,199.47500610351562,716.72998046875,176.6750030517578,42.685001373291016,652.8099975585938,593.0999755859375,27.170000076293945,23.06999969482422,1357.9949951171875,437.70001220703125,203.42999267578125,320.37249755859375,73.30000305175781,51.80500030517578,2154.800048828125,650.4749755859375,76.29499816894531,952.619873046875,84.44999694824219,485.0979919433594,162.25999450683594,337.510009765625,90.88500213623047,189.50509643554688,238.3800048828125,166.75999450683594,91.4800033569336,195.36990356445312,111.98999786376953,116.3499984741211,121.08999633789062,137.42999267578125,184.6840057373047,58.724998474121094,178.55999755859375,809.375,435.4649963378906,186.88999938964844,87.06990051269531,167.61000061035156,524.1300048828125,311.7033996582031,162.99000549316406,197.3000030517578,128.55999755859375,437.05999755859375,,185.53500366210938,220.08999633789062,484.70001220703125,28.53499984741211,211.49000549316406,202.69000244140625,73.16400146484375,230.32000732421875
2026-01-07 19:57:00+00:00,261.8900146484375,137.61000061035156,339.6600036621094,291.8800048828125,261.2569885253906,293.94000244140625,113.55000305175781,425.0950012207031,292.4200134277344,209.87440490722656,341.0400085449219,242.88999938964844,638.4099731445312,115.67500305175781,1228.5400390625,345.6499938964844,,94.45500183105469,5451.205078125,49.05500030517578,85.24500274658203,321.6400146484375,337.6000061035156,208.21800231933594,27.764999389648438,881.8099975585938,38.46500015258789,484.4200134277344,74.93800354003906,63.43000030517578,35.31999969482422,187.9499969482422,84.19000244140625,231.75,141.6649932861328,70.80500030517578,,43.04499816894531,141.35000610351562,40.474998474121094,67.87999725341797,80.0250015258789,86.16999816894531,123.9000015258789,322.54998779296875,321.9599914550781,199.5,716.22998046875,177.5449981689453,42.68000030517578,652.6900024414062,593.3300170898438,27.19499969482422,23.060100555419922,1357.39501953125,437.7699890136719,203.4600067138672,320.2900085449219,73.2750015258789,51.81999969482422,2153.14501953125,650.4500122070312,76.25,952.5798950195312,84.37999725341797,485.1099853515625,162.0449981689453,337.6050109863281,90.90460205078125,189.39990234375,238.17999267578125,166.55999755859375,91.50499725341797,195.30999755859375,112.01000213623047,116.30500030517578,121.0999984741211,137.4499969482422,184.625,58.70000076293945,178.53500366210938,810.7650146484375,435.6300048828125,186.89999389648438,87.01000213623047,167.5800018310547,524.2000122070312,311.94500732421875,162.99000549316406,197.0850067138672,128.5850067138672,436.9599914550781,256.3800048828125,185.3699951171875,219.88999938964844,485.385009765625,28.53820037841797,211.4949951171875,202.48599243164062,73.16500091552734,230.44000244140625
2026-01-07 19:58:00+00:00,261.8699951171875,137.610107421875,339.3550109863281,291.92498779296875,261.2699890136719,293.9075012207031,113.55000305175781,425.37249755859375,292.44000244140625,209.72000122070312,341.55999755859375,242.72999572753906,638.4000244140625,115.6050033569336,1228.7650146484375,345.2300109863281,619.0880126953125,94.45999908447266,5450.6748046875,49.025001525878906,85.25,321.4599914550781,337.45001220703125,208.44000244140625,27.764999389648438,881.64501953125,38.46500015258789,484.2799987792969,74.94499969482422,63.43000030517578,35.31999969482422,187.9499969482422,84.21499633789062,231.8300018310547,141.75,70.80000305175781,204.36000061035156,43.04499816894531,141.25999450683594,40.459999084472656,67.87999725341797,80.06500244140625,86.18499755859375,124.0999984741211,322.58990478515625,321.9601135253906,199.4499969482422,716.2849731445312,177.80999755859375,42.659400939941406,653.2000122070312,593.3699951171875,27.204999923706055,23.05500030517578,,437.4949951171875,203.38499450683594,320.3949890136719,73.38999938964844,51.814998626708984,2155.159912109375,650.6500244140625,76.25,951.4450073242188,84.34649658203125,485.1449890136719,162.13999938964844,337.79998779296875,90.93990325927734,189.30499267578125,238.0,166.40499877929688,91.46499633789062,195.38499450683594,111.98500061035156,116.33499908447266,121.08999633789062,137.49000549316406,184.625,58.70640182495117,178.54510498046875,811.989990234375,435.5050048828125,186.97000122070312,87.08000183105469,167.6020050048828,524.0700073242188,311.67999267578125,163.07000732421875,197.0500030517578,,437.1400146484375,256.3800048828125,185.50250244140625,219.8350067138672,485.82000732421875,28.537900924682617,211.4499969482422,202.6199951171875,73.13690185546875,230.53500366210938
2026-01-07 19:59:00+00:00,261.8399963378906,137.75999450683594,339.0950012207031,291.9700012207031,261.2300109863281,293.8949890136719,113.54000091552734,425.7349853515625,292.4150085449219,209.77000427246094,341.7900085449219,242.46800231933594,638.0650024414062,115.63999938964844,1228.10498046875,344.9100036621094,619.1849975585938,94.47000122070312,5450.89013671875,49.064998626708984,85.23999786376953,321.6199951171875,337.6000061035156,208.28500366210938,27.760000228881836,881.5700073242188,38.45500183105469,484.2449951171875,74.94999694824219,63.38999938964844,35.314998626708984,187.8800048828125,84.19000244140625,231.8000030517578,141.77000427246094,70.72000122070312,,43.04999923706055,141.47999572753906,40.42499923706055,67.86499786376953,80.0250015258789,86.16000366210938,124.01000213623047,322.8099060058594,322.22430419921875,199.43499755859375,,178.4949951171875,42.73400115966797,652.9500122070312,593.344970703125,27.21500015258789,23.05500030517578,1356.9949951171875,437.1400146484375,203.40499877929688,320.3599853515625,73.42500305175781,51.814998626708984,2153.64501953125,650.530029296875,76.25,951.4450073242188,84.26000213623047,484.9849853515625,161.86000061035156,338.0950012207031,90.9000015258789,189.25,238.05999755859375,166.35499572753906,91.43000030517578,195.2449951171875,111.88999938964844,116.37000274658203,121.02999877929688,137.48500061035156,184.22509765625,58.67499923706055,178.57000732421875,811.6649780273438,435.4599914550781,186.9550018310547,87.02999877929688,167.53500366210938,523.9949951171875,310.9601135253906,162.8699951171875,197.0,128.52000427246094,436.8349914550781,256.3599853515625,185.52000427246094,219.75,486.1400146484375,28.524999618530273,211.4499969482422,202.25999450683594,73.12999725341797,230.24000549316406
2026-01-07 20:00:00+00:00,261.7699890136719,137.47999572753906,338.9599914550781,292.010009765625,261.1549987792969,293.7738037109375,113.48500061035156,426.4525146484375,292.5050048828125,209.8699951171875,342.0950012207031,242.3000030517578,637.8499755859375,115.75,1229.0,344.9700012207031,619.0,94.5199966430664,5450.6298828125,49.060001373291016,85.20999908447266,321.66900634765625,337.7099914550781,208.52999877929688,27.774999618530273,881.8099975585938,38.435001373291016,484.0350036621094,74.93000030517578,63.040000915527344,35.290000915527344,187.76499938964844,84.18000030517578,231.4199981689453,141.6840057373047,70.70999908447266,204.39999389648438,43.01499938964844,,40.415000915527344,67.76000213623047,80.04000091552734,86.1500015258789,124.08000183105469,323.0199890136719,322.5,199.6199951171875,716.010009765625,178.32000732421875,42.650001525878906,652.8300170898438,593.7100219726562,27.200000762939453,23.034700393676758,1356.0699462890625,436.8500061035156,203.38499450683594,320.29998779296875,73.38999938964844,51.779998779296875,2152.840087890625,650.8699951171875,76.30999755859375,,84.30500030517578,485.1199951171875,161.97000122070312,338.04998779296875,90.97000122070312,189.1750030517578,238.24000549316406,166.14999389648438,91.40499877929688,195.2550048828125,111.86000061035156,116.26000213623047,121.04000091552734,137.44000244140625,184.08999633789062,58.720001220703125,178.64500427246094,812.8499755859375,435.6700134277344,186.9149932861328,86.95500183105469,167.52999877929688,524.22998046875,310.6499938964844,162.89999389648438,196.90499877929688,128.4600067138672,436.739990234375,256.4125061035156,185.52000427246094,219.8699951171875,486.8500061035156,28.524999618530273,211.39999389648438,202.30999755859375,73.11000061035156,230.15499877929688
2026-01-07 20:01:00+00:00,261.7200012207031,137.50999450683594,339.0899963378906,292.0899963378906,261.1099853515625,293.8800048828125,113.5,426.2099914550781,292.6400146484375,210.0800018310547,341.8550109863281,242.58999633789062,638.0499877929688,115.94000244140625,1228.8548583984375,345.05999755859375,619.0750122070312,94.56999969482422,5445.544921875,49.04999923706055,85.22000122070312,321.8299865722656,337.0350036621094,208.50999450683594,27.780000686645508,882.0599975585938,38.435001373291016,484.4800109863281,74.9000015258789,63.025001525878906,35.2599983215332,187.8300018310547,84.18000030517578,231.4499969482422,141.8000030517578,70.6500015258789,204.38999938964844,43.005001068115234,141.35000610351562,40.415000915527344,67.70999908447266,80.04000091552734,86.08000183105469,124.0999984741211,323.17999267578125,322.6600036621094,199.51499938964844,716.22998046875,177.80999755859375,42.635101318359375,653.0850219726562,593.5900268554688,27.200000762939453,23.024999618530273,1358.030029296875,436.5450134277344,203.60000610351562,320.135009765625,73.38999938964844,51.7599983215332,2154.96240234375,651.0,76.25499725341797,951.0700073242188,84.36509704589844,485.17999267578125,162.19000244140625,338.1300048828125,91.19000244140625,189.2299041748047,238.25,166.1199951171875,91.33999633789062,195.42999267578125,111.83999633789062,116.1500015258789,121.06999969482422,137.36500549316406,184.00999450683594,58.73500061035156,178.625,811.6199951171875,435.7900085449219,186.80499267578125,86.88999938964844,167.52000427246094,523.8883056640625,310.3800048828125,162.88499450683594,196.8800048828125,128.44000244140625,437.135009765625,256.489990234375,185.4600067138672,219.8699951171875,486.69000244140625,28.545000076293945,211.5050048828125,202.0836944580078,73.11000061035156,230.3782958984375
2026-01-07 20:02:00+00:00,261.5799865722656,137.49000549316406,338.9599914550781,292.0450134277344,261.32000732421875,293.82501220703125,113.5,425.6199951171875,292.80499267578125,210.00759887695312,341.5,242.33990478515625,637.35498046875,115.97000122070312,1228.635009765625,345.0119934082031,619.6599731445312,94.4800033569336,5443.7548828125,49.04999923706055,,321.4700012207031,336.94000244140625,208.5050048828125,27.770099639892578,881.6749267578125,38.44990158081055,483.95001220703125,74.86499786376953,63.04499816894531,35.255001068115234,187.8300018310547,84.16500091552734,231.39480590820312,141.52000427246094,70.66000366210938,204.39999389648438,43.005001068115234,141.39999389648438,40.439998626708984,67.69000244140625,80.0,86.0250015258789,124.12000274658203,323.2950134277344,322.8299865722656,199.66000366210938,716.4400024414062,177.73500061035156,42.665000915527344,652.8900146484375,593.7899780273438,27.184999465942383,23.024999618530273,1358.7099609375,436.6499938964844,203.77000427246094,320.2099914550781,73.45500183105469,51.744998931884766,2154.43994140625,650.864990234375,76.25,955.2899780273438,84.41999816894531,484.9549865722656,162.0399932861328,338.260009765625,91.15499877929688,189.210205078125,238.30499267578125,165.97999572753906,91.33000183105469,195.3000030517578,111.86000061035156,116.0199966430664,121.11000061035156,137.41000366210938,183.91000366210938,58.711700439453125,178.72999572753906,812.280029296875,435.42498779296875,186.80999755859375,86.87740325927734,167.49000549316406,523.6900024414062,311.260009765625,162.89500427246094,196.84500122070312,128.38999938964844,436.79998779296875,256.6449890136719,185.468994140625,219.86000061035156,486.0899963378906,28.55500030517578,211.46499633789062,202.14999389648438,73.08450317382812,230.30250549316406
2026-01-07 20:03:00+00:00,261.70001220703125,137.47000122070312,338.8800048828125,292.1650085449219,261.4100036621094,293.7699890136719,113.62000274658203,425.0400085449219,292.8900146484375,209.97999572753906,340.9800109863281,242.46229553222656,637.5130004882812,115.9800033569336,1228.8800048828125,345.0299987792969,619.6599731445312,94.4000015258789,5440.8701171875,48.97999954223633,85.20500183105469,321.55999755859375,337.8277893066406,208.3560028076172,27.770000457763672,881.9199829101562,38.435001373291016,484.0299987792969,74.875,63.04499816894531,35.209999084472656,187.92999267578125,84.13999938964844,231.3699951171875,141.59500122070312,70.62000274658203,204.39999389648438,43.025001525878906,141.38999938964844,40.45500183105469,67.69000244140625,80.05999755859375,86.02999877929688,124.02249908447266,323.0950012207031,322.55010986328125,199.72999572753906,715.4450073242188,177.36500549316406,42.709999084472656,652.8560180664062,593.1649780273438,27.18000030517578,23.026500701904297,1359.06005859375,436.3399963378906,203.97999572753906,320.2550048828125,73.42500305175781,51.70500183105469,2156.81005859375,650.8400268554688,76.22000122070312,955.5700073242188,84.41000366210938,484.8399963378906,161.97999572753906,338.30999755859375,91.1449966430664,189.1699981689453,238.4600067138672,166.2449951171875,91.37999725341797,195.3000030517578,111.86499786376953,116.05500030517578,121.05999755859375,137.36000061035156,183.77720642089844,58.71500015258789,178.90499877929688,811.4299926757812,435.8800048828125,186.83999633789062,86.88790130615234,167.55499267578125,523.4149780273438,311.3299865722656,162.96499633789062,196.74000549316406,128.4550018310547,436.8800048828125,256.6650085449219,185.52499389648438,219.6699981689453,484.875,28.565000534057617,211.49000549316406,201.98500061035156,73.12999725341797,230.125
2026-01-07 20:04:00+00:00,261.75,137.52000427246094,338.7349853515625,292.3999938964844,261.3500061035156,293.7850036621094,113.68000030517578,424.5799865722656,292.8399963378906,210.0399932861328,340.75,242.4799041748047,637.6500244140625,116.06999969482422,1229.800048828125,345.0199890136719,619.5700073242188,94.30999755859375,5452.2099609375,48.939998626708984,85.19000244140625,321.7699890136719,337.8999938964844,208.3000030517578,27.774999618530273,882.219970703125,38.43000030517578,484.5899963378906,74.9000015258789,63.03499984741211,35.22999954223633,187.75,84.11499786376953,231.50990295410156,141.53500366210938,70.66000366210938,,43.04499816894531,141.27000427246094,40.46500015258789,67.69999694824219,80.0250015258789,86.05500030517578,123.87999725341797,323.44000244140625,322.8699951171875,199.85499572753906,715.3900146484375,177.07000732421875,42.69499969482422,652.8499755859375,593.02001953125,27.19499969482422,23.014999389648438,1359.969970703125,435.6099853515625,204.1300048828125,320.5249938964844,73.41999816894531,51.67499923706055,2157.22998046875,651.25,76.25,956.9600219726562,84.48999786376953,484.8005065917969,162.00010681152344,338.57501220703125,91.18499755859375,189.3000030517578,238.52999877929688,166.5500030517578,91.41000366210938,195.3300018310547,111.9000015258789,116.20999908447266,121.09500122070312,137.2899932861328,183.8300018310547,58.744998931884766,179.00999450683594,811.0800170898438,,186.9149932861328,86.83499908447266,167.58009338378906,523.4199829101562,311.0849914550781,163.0399932861328,196.80499267578125,128.42999267578125,437.125,256.79998779296875,185.53500366210938,219.6999969482422,484.9549865722656,28.565000534057617,211.55499267578125,201.8800048828125,73.1449966430664,230.2949981689453
2026-01-07 20:05:00+00:00,261.8399963378906,137.45199584960938,338.79998779296875,292.19000244140625,261.364990234375,293.7300109863281,113.66500091552734,424.8999938964844,292.6499938964844,210.1199951171875,341.010009765625,242.3699951171875,637.9550170898438,115.94999694824219,1229.8050537109375,345.2275085449219,619.5700073242188,94.31999969482422,5454.580078125,48.91999816894531,85.22000122070312,321.7650146484375,337.5299987792969,208.3000030517578,27.780000686645508,882.1699829101562,38.41999816894531,484.4750061035156,74.875,62.939998626708984,35.220001220703125,187.93499755859375,84.05999755859375,231.5050048828125,141.52000427246094,70.5999984741211,204.39999389648438,43.040000915527344,141.13499450683594,40.44499969482422,67.65499877929688,80.04000091552734,86.09989929199219,123.79000091552734,323.4200134277344,322.80499267578125,199.58999633789062,714.760009765625,177.27999877929688,42.70500183105469,653.0,592.7849731445312,27.204999923706055,23.024999618530273,1359.0,435.69500732421875,203.8000946044922,320.4649963378906,73.38999938964844,51.779998779296875,2156.050048828125,650.8900146484375,76.30999755859375,957.4149780273438,84.38999938964844,484.79998779296875,162.22000122070312,338.70660400390625,91.16459655761719,189.3300018310547,238.3300018310547,166.44500732421875,91.31500244140625,195.35000610351562,111.92500305175781,116.1500015258789,121.0199966430664,137.2899932861328,183.7949981689453,58.709999084472656,178.93499755859375,810.0900268554688,435.7402038574219,186.7899932861328,86.8499984741211,167.52000427246094,523.5850219726562,311.5899963378906,163.0800018310547,196.875,128.4600067138672,437.3327941894531,256.8550109863281,185.41000366210938,219.81500244140625,484.5249938964844,28.575000762939453,211.5200958251953,201.83999633789062,73.11000061035156,230.3800048828125
2026-01-07 20:06:00+00:00,261.9599914550781,137.4949951171875,338.8699951171875,292.30999755859375,261.5400085449219,293.81500244140625,113.63999938964844,424.57000732421875,292.6440124511719,210.1199951171875,341.0899963378906,242.42999267578125,638.5,115.93499755859375,1229.9599609375,345.3340148925781,619.469970703125,94.29000091552734,5454.72998046875,48.89830017089844,85.23500061035156,321.7650146484375,337.70001220703125,208.3000030517578,27.790000915527344,882.4500122070312,38.439998626708984,484.2749938964844,74.87999725341797,62.939998626708984,35.20500183105469,187.99000549316406,84.09500122070312,231.6999969482422,141.53500366210938,70.6050033569336,204.39999389648438,43.05500030517578,141.1300048828125,40.435001373291016,67.65499877929688,80.04499816894531,,123.73500061035156,323.4849853515625,322.9200134277344,199.61500549316406,715.2999877929688,177.17250061035156,42.720001220703125,652.8499755859375,592.7899780273438,27.204999923706055,23.020000457763672,1358.8199462890625,435.7799987792969,203.8699951171875,320.44000244140625,73.37999725341797,51.79999923706055,2156.0400390625,650.7899780273438,76.29000091552734,955.530029296875,84.37000274658203,484.8800048828125,162.14999389648438,338.4599914550781,91.19999694824219,189.39999389648438,238.4499969482422,166.41250610351562,91.3499984741211,195.41000366210938,112.0199966430664,116.0999984741211,120.98999786376953,137.2899932861328,183.75,58.720001220703125,178.97000122070312,810.719970703125,435.5400085449219,186.8300018310547,86.87999725341797,167.58999633789062,523.5,311.3500061035156,163.32000732421875,196.8300018310547,128.4600067138672,437.3301086425781,256.375,185.39999389648438,219.94070434570312,484.4800109863281,28.575000762939453,,201.6999969482422,73.12999725341797,230.50999450683594
2026-01-07 20:07:00+00:00,261.82000732421875,137.5,338.70001220703125,292.2349853515625,261.4700012207031,,113.6729965209961,424.510009765625,292.3699951171875,210.1300048828125,341.68499755859375,242.33999633789062,640.4550170898438,116.02999877929688,1229.2999267578125,345.2950134277344,619.6900024414062,94.22000122070312,5454.72998046875,48.869998931884766,85.23999786376953,321.6000061035156,337.4949951171875,208.11000061035156,27.780000686645508,882.5599975585938,38.435001373291016,484.3800048828125,74.86499786376953,62.867000579833984,35.244998931884766,187.9499969482422,84.06999969482422,231.75,141.43499755859375,70.6500015258789,204.39999389648438,43.084999084472656,141.0800018310547,40.41999816894531,67.63999938964844,80.05999755859375,86.06999969482422,123.80500030517578,323.3699951171875,322.760009765625,199.61000061035156,714.9600219726562,178.36500549316406,42.779998779296875,652.8599853515625,592.489990234375,27.225000381469727,23.020000457763672,1359.050048828125,435.5849914550781,203.75999450683594,320.4800109863281,73.37999725341797,51.82500076293945,2154.965087890625,650.8900146484375,76.31999969482422,956.0800170898438,84.37100219726562,484.8299865722656,162.2899932861328,338.5,91.18499755859375,189.37350463867188,238.4199981689453,166.4199981689453,91.31999969482422,195.35000610351562,111.97000122070312,116.06999969482422,120.95999908447266,137.32000732421875,183.77499389648438,58.71500015258789,178.9199981689453,810.739990234375,435.5450134277344,186.8249969482422,87.0,167.55499267578125,523.2249755859375,310.7300109863281,,196.90499877929688,128.5399932861328,437.25201416015625,256.1549987792969,185.375,219.77999877929688,484.69500732421875,28.575000762939453,211.52999877929688,200.91000366210938,73.13999938964844,230.57000732421875
2026-01-07 20:08:00+00:00,261.79071044921875,137.42999267578125,338.6361999511719,292.0,261.389892578125,293.67498779296875,113.58999633789062,425.7349853515625,292.1499938964844,210.0399932861328,342.1000061035156,242.2899932861328,639.010009765625,116.00330352783203,1229.1099853515625,345.20001220703125,619.8400268554688,94.26499938964844,5451.6650390625,48.85499954223633,85.2249984741211,321.55999755859375,337.260009765625,207.9600067138672,27.75349998474121,882.3757934570312,38.40999984741211,484.07501220703125,74.86000061035156,62.849998474121094,35.244998931884766,187.94000244140625,84.01000213623047,231.58999633789062,141.30999755859375,70.63999938964844,204.39999389648438,43.04499816894531,140.93499755859375,40.404998779296875,67.62999725341797,80.02999877929688,86.00499725341797,123.94999694824219,323.47198486328125,322.8999938964844,199.5449981689453,715.510009765625,178.6999969482422,42.834598541259766,652.739990234375,592.969970703125,27.229999542236328,23.02989959716797,1358.5400390625,435.19000244140625,203.69500732421875,320.0799865722656,73.37999725341797,51.81999969482422,2156.294921875,650.5941162109375,76.31999969482422,954.969970703125,84.375,484.8340148925781,162.25,338.385009765625,91.15499877929688,189.3300018310547,238.5399932861328,166.43719482421875,91.27999877929688,195.22000122070312,111.9000015258789,116.08000183105469,120.90499877929688,137.3000030517578,183.6649932861328,58.674598693847656,178.85000610351562,813.094970703125,435.79998779296875,186.75,86.92500305175781,167.51499938964844,523.3699951171875,310.87750244140625,163.22999572753906,196.89500427246094,128.49000549316406,436.90008544921875,256.1400146484375,185.36000061035156,219.75,485.3900146484375,28.559999465942383,211.4199981689453,200.74249267578125,73.11000061035156,230.5500030517578
2026-01-07 20:09:00+00:00,261.80999755859375,137.52000427246094,339.0350036621094,291.93499755859375,261.2950134277344,293.82000732421875,113.63500213623047,425.6400146484375,292.17999267578125,210.10760498046875,341.9800109863281,242.2218017578125,638.5900268554688,116.08000183105469,1228.4200439453125,344.9750061035156,619.8300170898438,94.24099731445312,5456.427734375,48.86000061035156,85.22000122070312,321.760009765625,337.45220947265625,207.99000549316406,27.764999389648438,883.2899780273438,38.435001373291016,483.8900146484375,74.88500213623047,62.810001373291016,35.255001068115234,187.85000610351562,84.02999877929688,231.59500122070312,141.5449981689453,70.6500015258789,204.39999389648438,43.04999923706055,140.89999389648438,40.44499969482422,67.6500015258789,80.05000305175781,86.00499725341797,123.97000122070312,323.04998779296875,322.47198486328125,199.58999633789062,715.2100219726562,178.16000366210938,42.89500045776367,653.02001953125,,27.235000610351562,23.03499984741211,1357.9200439453125,435.0,203.74000549316406,320.1499938964844,73.50969696044922,51.834999084472656,2156.080078125,650.5,76.37000274658203,954.8350219726562,84.33999633789062,484.8450012207031,161.97999572753906,338.07000732421875,91.16010284423828,189.22030639648438,238.5,166.28500366210938,91.30000305175781,195.24000549316406,111.91000366210938,116.12999725341797,120.91000366210938,137.3800048828125,183.6199951171875,58.69499969482422,178.8800048828125,812.4650268554688,435.7200012207031,186.81500244140625,86.98999786376953,167.6199951171875,523.4525146484375,310.3900146484375,163.38999938964844,197.01499938964844,128.55499267578125,436.8999938964844,255.9149932861328,185.3000030517578,219.61000061035156,484.8800048828125,28.559999465942383,211.47999572753906,200.81500244140625,73.12000274658203,230.68499755859375
2026-01-07 20:10:00+00:00,261.7200012207031,137.51089477539062,339.0899963378906,291.92498779296875,261.3699951171875,293.8800048828125,113.5999984741211,425.3349914550781,292.17999267578125,210.1199951171875,341.8700866699219,242.30999755859375,638.9498901367188,116.07499694824219,1228.4849853515625,344.8999938964844,619.8400268554688,94.16999816894531,5458.5498046875,48.88999938964844,85.20999908447266,321.739990234375,337.55999755859375,207.75,27.764999389648438,883.3200073242188,38.435001373291016,484.1400146484375,74.875,62.810001373291016,35.2599983215332,187.82000732421875,84.04000091552734,231.701904296875,141.5399932861328,70.63999938964844,204.39999389648438,43.03499984741211,140.9149932861328,40.44499969482422,67.63999938964844,80.0999984741211,86.01499938964844,123.95999908447266,322.8900146484375,322.3399963378906,199.58999633789062,714.3900146484375,178.1300048828125,42.854400634765625,652.77001953125,593.0798950195312,27.2450008392334,23.045000076293945,1357.0899658203125,435.04998779296875,203.6699981689453,319.9750061035156,73.50769805908203,51.779998779296875,2154.8349609375,650.0150146484375,76.37000274658203,954.2000122070312,84.30999755859375,484.7900085449219,161.89849853515625,337.75,91.1897964477539,189.1999969482422,238.1750030517578,166.69000244140625,91.30999755859375,195.22999572753906,111.81999969482422,116.08999633789062,120.80999755859375,137.4199981689453,183.52999877929688,58.720001220703125,178.8800048828125,812.780029296875,435.7049865722656,186.77000427246094,87.0,167.6199951171875,523.7249755859375,311.010009765625,163.5500030517578,197.07000732421875,128.47500610351562,436.93499755859375,255.8800048828125,185.35000610351562,219.72999572753906,484.5299987792969,28.565000534057617,211.60499572753906,201.16949462890625,73.11499786376953,230.72000122070312
2026-01-07 20:11:00+00:00,261.7900085449219,137.52000427246094,339.12200927734375,292.0450134277344,261.3349914550781,293.9150085449219,113.56819915771484,424.9100036621094,292.25,210.15499877929688,342.1300048828125,242.33999633789062,638.72998046875,115.95999908447266,1228.8299560546875,344.9800109863281,619.3400268554688,94.25,5458.27001953125,48.849998474121094,85.19999694824219,321.80999755859375,337.7349853515625,207.81300354003906,27.7549991607666,883.344970703125,38.420101165771484,484.1400146484375,74.8634033203125,62.775001525878906,35.23500061035156,187.8000030517578,84.05000305175781,231.69500732421875,141.75999450683594,70.58000183105469,204.39500427246094,43.03499984741211,140.81500244140625,40.439998626708984,67.61000061035156,80.09500122070312,86.02999877929688,123.93000030517578,322.989990234375,322.4100036621094,199.6199951171875,715.02001953125,178.1699981689453,42.80500030517578,652.6912231445312,593.0349731445312,27.2450008392334,23.040000915527344,1358.8499755859375,434.7900085449219,203.86000061035156,320.0799865722656,73.5199966430664,51.79499816894531,2156.070068359375,650.0999755859375,76.37000274658203,956.780029296875,84.33000183105469,484.7699890136719,161.8721923828125,338.0150146484375,91.11000061035156,189.1999969482422,238.40249633789062,166.57000732421875,91.30000305175781,195.17999267578125,111.76499938964844,116.10790252685547,120.88999938964844,137.39999389648438,183.3699951171875,58.72999954223633,179.01499938964844,812.4500122070312,435.74249267578125,186.82000732421875,87.16999816894531,167.58999633789062,523.9349975585938,311.19000244140625,163.8300018310547,197.1199951171875,128.2949981689453,436.79998779296875,256.010009765625,185.235107421875,219.7899932861328,484.8299865722656,28.549999237060547,211.63499450683594,201.0500030517578,73.11509704589844,230.6699981689453
2026-01-07 20:12:00+00:00,261.70001220703125,137.55999755859375,339.07000732421875,291.9700012207031,261.29998779296875,293.96600341796875,113.5199966430664,424.53961181640625,292.0799865722656,210.0500946044922,341.9020080566406,242.32000732421875,638.3200073242188,115.98999786376953,1228.31494140625,344.7799987792969,619.2150268554688,94.27999877929688,5453.9501953125,48.849998474121094,85.19999694824219,321.67999267578125,337.2149963378906,208.0399932861328,27.7549991607666,883.5700073242188,38.435001373291016,483.7749938964844,74.83499908447266,62.7400016784668,35.23500061035156,187.74000549316406,84.0199966430664,231.61500549316406,141.80999755859375,70.54000091552734,204.39500427246094,43.01499938964844,140.8000030517578,40.415000915527344,67.58999633789062,80.06999969482422,86.00499725341797,123.9000015258789,322.9800109863281,322.489990234375,199.5800018310547,715.1199951171875,177.32000732421875,42.775001525878906,652.6599731445312,592.72998046875,,23.03499984741211,1358.324951171875,434.8299865722656,203.58999633789062,320.1050109863281,73.44999694824219,51.77439880371094,2154.840087890625,650.094970703125,76.3499984741211,955.7550048828125,84.27999877929688,484.614990234375,161.8874969482422,337.70001220703125,91.09500122070312,189.1300048828125,238.38259887695312,166.65499877929688,91.31500244140625,195.27000427246094,111.7699966430664,116.18000030517578,120.81999969482422,137.3800048828125,183.2899932861328,58.720001220703125,178.9499969482422,811.5225219726562,435.7449951171875,186.81500244140625,87.2249984741211,167.47500610351562,523.6199951171875,311.010009765625,163.88999938964844,197.1999969482422,128.2899932861328,436.82000732421875,256.0350036621094,185.22999572753906,219.80999755859375,484.2099914550781,28.565000534057617,211.68499755859375,200.97000122070312,73.08000183105469,230.63999938964844
2026-01-07 20:13:00+00:00,261.4320068359375,137.57000732421875,338.9200134277344,291.82000732421875,261.3800048828125,293.8999938964844,113.51000213623047,424.5899963378906,291.7200012207031,210.0,341.8599853515625,241.98989868164062,637.0399780273438,115.80000305175781,1228.405029296875,344.4750061035156,618.9299926757812,94.41000366210938,,48.845001220703125,85.19999694824219,321.6300048828125,337.30999755859375,208.0749969482422,27.764999389648438,883.6099853515625,38.41999816894531,483.2550048828125,74.82499694824219,62.70000076293945,35.22999954223633,187.7949981689453,84.05999755859375,231.7899932861328,141.75999450683594,70.48999786376953,204.39500427246094,43.02000045776367,140.625,40.3849983215332,67.52999877929688,79.99500274658203,86.0199966430664,123.98500061035156,322.4912109375,321.9599914550781,199.57249450683594,714.8099975585938,177.2100067138672,42.685001373291016,652.364990234375,592.6099853515625,27.2450008392334,23.024999618530273,1356.8399658203125,434.42999267578125,203.39999389648438,320.17999267578125,73.41000366210938,51.7599983215332,2152.6298828125,649.3101196289062,76.3499984741211,954.1699829101562,84.0999984741211,484.2699890136719,161.92999267578125,337.4599914550781,91.05500030517578,188.94009399414062,238.17999267578125,,91.2699966430664,194.88999938964844,111.79499816894531,116.22000122070312,120.77999877929688,137.3800048828125,182.97999572753906,58.709999084472656,178.75,812.3900146484375,435.7349853515625,186.75,87.19999694824219,167.3000030517578,523.2449951171875,311.0,163.71499633789062,197.1300048828125,128.375,436.4399108886719,255.7899932861328,185.19000244140625,219.88999938964844,484.1650085449219,28.55500030517578,211.6199951171875,201.0800018310547,73.12000274658203,230.5500030517578
2026-01-07 20:14:00+00:00,261.49798583984375,137.6300048828125,338.9198913574219,291.760009765625,261.44000244140625,293.875,113.5823974609375,424.7200012207031,291.75,209.96499633789062,341.8558044433594,242.08999633789062,635.5900268554688,115.87000274658203,1227.949951171875,344.4100036621094,619.3499755859375,94.42500305175781,,48.83000183105469,85.15499877929688,321.68011474609375,337.30340576171875,207.77000427246094,27.752199172973633,883.780029296875,38.42499923706055,483.0,74.83999633789062,62.6150016784668,35.224998474121094,187.7949981689453,84.05999755859375,231.71499633789062,141.5449981689453,70.44999694824219,204.3800048828125,43.02000045776367,140.6699981689453,40.3849983215332,67.55999755859375,79.97000122070312,85.9800033569336,123.97000122070312,322.3800048828125,321.82000732421875,199.75999450683594,714.9600219726562,177.13999938964844,42.6599006652832,652.0599975585938,592.5449829101562,27.235000610351562,23.014999389648438,1356.925048828125,434.8699951171875,203.39500427246094,320.2749938964844,73.44999694824219,51.7400016784668,2152.590087890625,649.2999877929688,76.3550033569336,954.22998046875,84.08999633789062,484.3500061035156,161.8350067138672,337.4049987792969,91.01499938964844,188.8719940185547,238.3800048828125,166.61000061035156,91.26000213623047,194.79600524902344,111.79499816894531,116.19499969482422,120.86000061035156,137.3699951171875,182.83999633789062,58.689998626708984,178.86160278320312,813.0599975585938,435.7650146484375,186.7899932861328,87.30500030517578,167.27890014648438,523.3099975585938,310.489990234375,163.5399932861328,197.10000610351562,128.47500610351562,436.0400085449219,255.92999267578125,185.1999969482422,219.83999633789062,484.0450134277344,28.55500030517578,211.52000427246094,200.4949951171875,73.16999816894531,230.57000732421875
2026-01-07 20:15:00+00:00,261.3699951171875,137.50999450683594,338.8999938964844,291.739990234375,261.260009765625,293.6700134277344,113.54000091552734,424.8900146484375,291.69000244140625,209.98959350585938,341.6700134277344,242.2050018310547,635.1699829101562,115.90499877929688,1228.010009765625,344.5,619.260009765625,94.44000244140625,5454.89501953125,48.84000015258789,85.1500015258789,321.67498779296875,337.0299987792969,208.02999877929688,27.753599166870117,883.8400268554688,38.42509841918945,483.1650085449219,74.875,62.709999084472656,35.21500015258789,187.69500732421875,84.0199966430664,231.9149932861328,141.72000122070312,70.45999908447266,204.3800048828125,43.0,140.58999633789062,40.375,,80.06999969482422,85.94000244140625,123.9749984741211,322.3399963378906,321.7200012207031,199.67999267578125,714.614990234375,177.1750030517578,42.52009963989258,651.85498046875,592.3400268554688,27.219999313354492,23.0,1357.199951171875,434.5799865722656,203.52000427246094,320.2099914550781,73.44499969482422,51.75,2152.675048828125,649.7775268554688,76.30000305175781,955.510009765625,84.15499877929688,484.6000061035156,161.82989501953125,337.5899963378906,91.01499938964844,188.88999938964844,,166.48500061035156,91.21800231933594,194.8000030517578,111.65499877929688,116.01499938964844,120.83999633789062,137.2899932861328,182.910400390625,58.691001892089844,178.72999572753906,812.8049926757812,435.9949951171875,186.7301025390625,87.20999908447266,167.27000427246094,523.6599731445312,310.8999938964844,163.5800018310547,197.10000610351562,128.41000366210938,436.14239501953125,256.010009765625,185.1199951171875,219.78500366210938,483.9049987792969,28.549999237060547,211.64999389648438,200.69000244140625,73.125,230.75
2026-01-07 20:16:00+00:00,261.54998779296875,137.55999755859375,339.1400146484375,291.7349853515625,261.2950134277344,293.75,113.53990173339844,424.45001220703125,291.7099914550781,209.99249267578125,342.0150146484375,242.0399932861328,634.72998046875,115.83999633789062,1228.887451171875,344.5150146484375,618.8499755859375,94.52999877929688,5457.31005859375,48.839900970458984,85.19999694824219,321.7250061035156,336.9100036621094,208.10000610351562,27.764999389648438,883.625,38.43000030517578,483.54998779296875,74.8644027709961,62.58000183105469,35.20500183105469,187.75950622558594,84.05000305175781,231.9250030517578,141.6699981689453,70.44000244140625,204.3800048828125,42.98500061035156,140.63250732421875,40.365501403808594,67.47000122070312,80.04000091552734,85.91000366210938,124.06999969482422,322.29998779296875,321.70001220703125,199.69500732421875,714.2000122070312,177.15499877929688,42.51029968261719,651.75,592.4199829101562,27.204999923706055,23.0,1357.6300048828125,435.0,203.4550018310547,320.3299865722656,73.43000030517578,51.775001525878906,2153.375,649.3187255859375,76.29000091552734,953.4199829101562,84.11900329589844,484.57501220703125,161.55990600585938,337.45001220703125,91.00499725341797,188.95989990234375,238.27000427246094,166.47000122070312,91.22000122070312,194.8350067138672,111.61000061035156,115.94999694824219,120.80000305175781,137.3300018310547,182.80999755859375,58.69499969482422,178.6999969482422,812.780029296875,436.0350036621094,186.72999572753906,87.25,167.24000549316406,523.2949829101562,310.6400146484375,163.69000244140625,197.0749969482422,128.2899932861328,436.3999938964844,255.67999267578125,185.16000366210938,219.7899932861328,483.8900146484375,28.55500030517578,211.66000366210938,200.55499267578125,73.12000274658203,230.75
2026-01-07 20:17:00+00:00,261.6000061035156,137.51499938964844,338.92498779296875,291.75,261.2900085449219,293.6400146484375,113.48249816894531,424.4960021972656,291.67498779296875,210.0500030517578,342.04998779296875,242.0500030517578,634.4199829101562,115.73249816894531,1228.0699462890625,344.7099914550781,618.7899780273438,94.54000091552734,5459.68505859375,48.810001373291016,85.18000030517578,321.5299987792969,336.82501220703125,208.1699981689453,27.774999618530273,883.4949951171875,38.42499923706055,483.1199951171875,74.88500213623047,62.4900016784668,35.165000915527344,187.68499755859375,84.0199966430664,231.8300018310547,141.64999389648438,70.34500122070312,204.3699951171875,42.974998474121094,140.65499877929688,40.345001220703125,67.45999908447266,79.99500274658203,85.87000274658203,124.05000305175781,322.6700134277344,322.07000732421875,199.69500732421875,714.1849975585938,177.19749450683594,42.5192985534668,651.22998046875,592.5700073242188,27.189899444580078,22.989999771118164,1357.550048828125,434.92010498046875,203.47999572753906,320.2850036621094,73.41999816894531,51.73400115966797,2154.0,649.1400146484375,76.24500274658203,954.47998046875,84.2249984741211,484.489990234375,161.42999267578125,337.9595031738281,90.93499755859375,189.00559997558594,238.2449951171875,166.47000122070312,91.2300033569336,194.99000549316406,111.5999984741211,115.94000244140625,120.80500030517578,137.18499755859375,182.75999450683594,58.744998931884766,178.93499755859375,813.4400024414062,435.6300048828125,186.8300018310547,87.25499725341797,167.1300048828125,522.6749877929688,311.0150146484375,163.6750030517578,197.1300048828125,128.2100067138672,436.42999267578125,255.7449951171875,185.19000244140625,219.8000030517578,484.3800048828125,28.565000534057617,211.52000427246094,201.0399932861328,73.08999633789062,230.7465057373047
2026-01-07 20:18:00+00:00,261.6000061035156,137.57000732421875,339.0,291.8800048828125,261.2749938964844,293.7300109863281,113.41000366210938,424.1600036621094,291.94989013671875,210.10000610351562,341.92999267578125,242.30999755859375,635.9398803710938,115.93990325927734,1228.862548828125,344.80999755859375,618.7849731445312,94.58200073242188,5458.8701171875,48.80500030517578,85.0999984741211,321.7149963378906,336.8599853515625,208.22000122070312,27.770000457763672,883.7000122070312,38.40760040283203,483.06500244140625,74.86499786376953,62.630001068115234,35.150001525878906,187.72000122070312,84.04000091552734,231.9499969482422,141.7100067138672,70.375,204.375,42.95500183105469,140.69000244140625,40.345001220703125,67.4800033569336,79.9800033569336,85.92500305175781,124.04000091552734,322.7099914550781,322.1300048828125,199.75,714.89501953125,177.53250122070312,42.54999923706055,651.8099975585938,592.6799926757812,27.174999237060547,23.014999389648438,1358.449951171875,434.8800048828125,203.5,320.2850036621094,73.43499755859375,51.689998626708984,2154.235107421875,649.510009765625,76.19999694824219,953.8300170898438,84.27999877929688,484.6401062011719,162.00999450683594,338.3999938964844,90.91120147705078,189.13400268554688,238.30999755859375,166.44500732421875,91.19000244140625,194.97999572753906,111.63500213623047,115.94000244140625,120.87000274658203,137.17999267578125,183.0518035888672,58.739898681640625,178.92999267578125,813.4299926757812,435.8580017089844,186.8300018310547,87.30500030517578,167.35000610351562,522.6749877929688,311.1199951171875,163.75999450683594,197.1125030517578,128.16000366210938,436.85528564453125,256.0050048828125,185.2050018310547,219.74000549316406,483.5199890136719,28.56999969482422,211.5800018310547,201.36000061035156,73.08000183105469,230.80999755859375
2026-01-07 20:19:00+00:00,261.5799865722656,137.58999633789062,338.9200134277344,291.92498779296875,261.3599853515625,293.7300109863281,113.42500305175781,423.4800109863281,292.0950012207031,210.07000732421875,341.94000244140625,242.2899932861328,635.1749877929688,115.83000183105469,1228.85498046875,344.69000244140625,619.3300170898438,94.66500091552734,5453.84033203125,48.79999923706055,85.19499969482422,321.6600036621094,336.8399963378906,208.2449951171875,27.75659942626953,884.0900268554688,38.41600036621094,482.3349914550781,74.86000061035156,62.584999084472656,35.150001525878906,187.83999633789062,84.07499694824219,232.11000061035156,141.77000427246094,70.4000015258789,204.3800048828125,42.959999084472656,140.8000030517578,40.345001220703125,67.47000122070312,79.98999786376953,85.91500091552734,124.05500030517578,322.94970703125,322.3999938964844,199.84500122070312,715.02001953125,177.80999755859375,42.54349899291992,651.5549926757812,592.7899780273438,27.170000076293945,23.014999389648438,1358.4749755859375,435.0,203.65499877929688,320.3450012207031,73.45999908447266,51.685001373291016,2154.235107421875,649.8499755859375,76.2300033569336,954.8599853515625,84.29000091552734,484.3900146484375,162.13929748535156,338.2149963378906,90.9365005493164,189.10000610351562,238.35499572753906,166.49000549316406,91.19999694824219,194.97500610351562,111.66999816894531,115.94999694824219,120.9000015258789,137.19000244140625,182.92999267578125,58.73500061035156,179.06500244140625,813.2391967773438,435.82501220703125,186.8699951171875,87.36000061035156,167.44000244140625,523.0150146484375,311.4460144042969,163.64999389648438,197.3000030517578,128.09500122070312,437.0564880371094,256.0,185.2949981689453,219.7949981689453,483.4100036621094,28.55500030517578,211.5561981201172,201.50999450683594,73.06999969482422,230.8000030517578
2026-01-07 20:20:00+00:00,261.5,137.56500244140625,339.0849914550781,291.67999267578125,261.31500244140625,293.5899963378906,113.38999938964844,422.7749938964844,291.8500061035156,210.07000732421875,341.5899963378906,242.19000244140625,634.4500122070312,115.875,1228.9000244140625,344.6050109863281,619.489990234375,94.62000274658203,5456.759765625,48.81999969482422,85.0999984741211,321.2528076171875,336.6700134277344,208.25,27.764400482177734,883.7949829101562,38.415000915527344,482.5155944824219,74.8499984741211,62.529998779296875,35.119998931884766,187.8000030517578,84.06999969482422,232.27499389648438,141.8000030517578,70.41000366210938,204.3800048828125,42.94499969482422,140.74000549316406,40.34400177001953,67.47000122070312,79.9800033569336,85.9000015258789,123.85759735107422,322.9849853515625,322.3599853515625,199.82960510253906,714.8800048828125,177.71499633789062,42.5343017578125,651.2528076171875,592.530029296875,27.165000915527344,23.020000457763672,1358.469970703125,434.9150085449219,203.35479736328125,320.30999755859375,73.41999816894531,51.727901458740234,2155.530029296875,649.8800048828125,76.23999786376953,949.4600219726562,84.22000122070312,484.4599914550781,161.8800048828125,337.9100036621094,90.91500091552734,188.9600067138672,238.2100067138672,166.5399932861328,91.19499969482422,194.80999755859375,111.58000183105469,116.01499938964844,120.91000366210938,137.1699981689453,182.86000061035156,58.70000076293945,178.90499877929688,812.4949951171875,436.2099914550781,186.8625030517578,87.33000183105469,167.3699951171875,522.8699951171875,311.2925109863281,163.47000122070312,197.19000244140625,127.80999755859375,437.2049865722656,255.77000427246094,185.16000366210938,219.89999389648438,482.43499755859375,28.55500030517578,211.66000366210938,201.2899932861328,73.04000091552734,230.67999267578125
2026-01-07 20:21:00+00:00,261.42999267578125,137.69000244140625,339.17999267578125,291.6000061035156,261.18499755859375,293.7200012207031,113.37000274658203,422.7799987792969,291.7149963378906,210.0,341.7900085449219,242.3350067138672,634.4849853515625,115.88999938964844,1227.9300537109375,344.6099853515625,619.6500244140625,94.5999984741211,5459.0,48.814998626708984,85.04000091552734,321.2900085449219,336.43499755859375,208.25999450683594,27.780000686645508,883.8699951171875,38.415000915527344,482.2799987792969,74.84500122070312,62.650001525878906,35.125,187.65499877929688,84.05000305175781,232.5850067138672,141.77999877929688,70.48500061035156,204.38079833984375,42.92499923706055,140.64999389648438,40.345001220703125,67.45999908447266,79.95999908447266,85.93190002441406,123.91000366210938,322.9599914550781,322.3500061035156,199.73049926757812,714.4600219726562,177.50999450683594,42.499900817871094,651.260009765625,592.4600219726562,27.165000915527344,23.016199111938477,1357.7099609375,434.7799987792969,203.1300048828125,320.4700012207031,73.47000122070312,51.71500015258789,2156.114990234375,650.0900268554688,76.20999908447266,949.7100219726562,84.18009948730469,484.54998779296875,161.95750427246094,337.79998779296875,90.93460083007812,188.95899963378906,237.9600067138672,166.3699951171875,91.16999816894531,194.98370361328125,111.58000183105469,116.04000091552734,120.88999938964844,137.14999389648438,182.83999633789062,58.731998443603516,178.7899932861328,812.8499755859375,435.7864990234375,186.85000610351562,87.30549621582031,167.4152069091797,522.6300048828125,311.1549987792969,163.27999877929688,197.17999267578125,127.69999694824219,437.20001220703125,255.86000061035156,185.02999877929688,219.8300018310547,482.57501220703125,28.575000762939453,211.5800018310547,201.28500366210938,73.0199966430664,230.7100067138672
2026-01-07 20:22:00+00:00,261.3900146484375,137.64999389648438,339.1099853515625,291.42999267578125,261.215087890625,,113.31999969482422,422.1700134277344,291.8299865722656,209.9600067138672,341.6650085449219,242.38999938964844,634.4600219726562,115.83000183105469,1227.9300537109375,344.6400146484375,620.2750244140625,94.55000305175781,5459.8583984375,48.88999938964844,85.04499816894531,321.2349853515625,336.5,207.97000122070312,27.780000686645508,883.9749755859375,38.415000915527344,482.4949951171875,74.86499786376953,62.75,35.125,187.7299041748047,84.04000091552734,232.1300048828125,141.75999450683594,70.41999816894531,,42.89500045776367,140.72000122070312,40.345001220703125,67.43000030517578,79.95899963378906,85.96499633789062,123.83999633789062,322.8999938964844,322.2650146484375,199.71499633789062,714.469970703125,177.25999450683594,42.4900016784668,650.8800048828125,592.4099731445312,27.184499740600586,23.024999618530273,1357.8699951171875,434.9700012207031,203.33999633789062,320.3450012207031,73.43499755859375,51.709999084472656,2155.64501953125,649.9600219726562,76.19000244140625,952.6900024414062,84.13999938964844,484.55999755859375,161.86659240722656,337.5199890136719,90.87000274658203,188.89999389648438,237.72999572753906,166.34500122070312,91.19000244140625,194.89999389648438,111.5,115.93000030517578,120.91999816894531,137.16000366210938,182.82989501953125,58.73500061035156,178.79879760742188,812.469970703125,435.6300048828125,186.89500427246094,87.30999755859375,167.32000732421875,522.4849853515625,311.0950012207031,163.35499572753906,197.2100067138672,127.91999816894531,437.25,,185.0,219.6999969482422,482.05999755859375,28.575000762939453,211.77000427246094,201.25,73.02999877929688,230.6999969482422
2026-01-07 20:23:00+00:00,261.3399963378906,137.60000610351562,338.989990234375,291.5400085449219,261.239990234375,293.55999755859375,113.36000061035156,421.57000732421875,291.79998779296875,209.9405059814453,341.25,242.50999450683594,633.9249877929688,115.79000091552734,1227.094970703125,344.5400085449219,619.625,94.51000213623047,5457.7099609375,48.85499954223633,85.01499938964844,321.260009765625,336.3800048828125,207.88999938964844,27.764999389648438,884.25,38.404998779296875,482.0899963378906,74.87000274658203,62.630001068115234,35.130001068115234,187.64500427246094,84.0199966430664,232.06500244140625,141.6999969482422,70.41999816894531,204.375,42.880001068115234,140.80999755859375,40.32500076293945,67.4093017578125,79.94000244140625,85.9999008178711,123.75,322.8901062011719,322.25,199.77999877929688,713.7000122070312,176.94000244140625,42.51499938964844,650.510009765625,592.2000122070312,27.15999984741211,23.014999389648438,,434.989990234375,203.3300018310547,320.2900085449219,73.44000244140625,51.654998779296875,2153.830078125,649.5449829101562,76.16000366210938,951.2449951171875,84.12000274658203,484.5,161.38999938964844,337.5719909667969,90.84500122070312,188.93499755859375,237.72999572753906,166.1999969482422,91.18000030517578,194.77000427246094,111.43499755859375,115.97000122070312,120.94999694824219,137.1699981689453,182.47000122070312,58.70759963989258,178.82000732421875,812.594970703125,435.5799865722656,186.92750549316406,87.27999877929688,167.25999450683594,522.2949829101562,311.3550109863281,163.3000030517578,197.22999572753906,127.91999816894531,436.801513671875,255.91000366210938,185.08999633789062,219.8000030517578,481.9200134277344,28.575000762939453,211.7449951171875,201.47500610351562,73.01000213623047,230.58999633789062
2026-01-07 20:24:00+00:00,261.3411865234375,137.58180236816406,339.0199890136719,291.6050109863281,261.3299865722656,293.5899963378906,113.31999969482422,421.1499938964844,291.8999938964844,209.91600036621094,341.07501220703125,242.60000610351562,633.875,115.83999633789062,1226.61865234375,344.6400146484375,619.635009765625,94.44999694824219,5453.16845703125,48.88999938964844,85.03500366210938,321.07000732421875,336.4100036621094,207.8000030517578,27.774999618530273,884.0319213867188,38.404998779296875,482.29998779296875,74.81500244140625,62.779998779296875,35.13999938964844,187.63999938964844,83.95999908447266,232.0749969482422,141.6649932861328,70.41000366210938,204.375,42.8650016784668,140.94500732421875,40.310001373291016,67.41500091552734,79.95999908447266,85.91999816894531,123.7300033569336,322.769287109375,322.1698913574219,199.72500610351562,713.4650268554688,176.7449951171875,42.41999816894531,650.625,591.8200073242188,27.174999237060547,23.024999618530273,1358.1700439453125,435.1050109863281,203.1699981689453,320.1549987792969,73.45960235595703,51.660099029541016,2152.0,649.4199829101562,76.26000213623047,951.0700073242188,84.1011962890625,484.6600036621094,161.11000061035156,337.45001220703125,90.8949966430664,188.9239959716797,237.8249969482422,166.21499633789062,91.19499969482422,194.91000366210938,111.47000122070312,115.94999694824219,120.9000015258789,137.22999572753906,182.36000061035156,58.709999084472656,178.88999938964844,811.3200073242188,435.5899963378906,186.8699951171875,87.32240295410156,167.30999755859375,522.669921875,311.3800048828125,163.4698944091797,197.17999267578125,127.94999694824219,436.55999755859375,255.47999572753906,185.00999450683594,219.81500244140625,482.5199890136719,28.575000762939453,211.7449951171875,201.14999389648438,73.08070373535156,230.625
2026-01-07 20:25:00+00:00,261.32000732421875,137.55999755859375,339.2099914550781,291.6499938964844,261.4100036621094,293.5849914550781,113.3499984741211,421.19000244140625,291.75,209.85499572753906,341.3500061035156,242.50999450683594,633.4000244140625,115.77999877929688,1227.2099609375,344.4696960449219,619.6300048828125,94.45500183105469,5457.35009765625,48.849998474121094,85.08000183105469,321.0249938964844,336.20599365234375,207.82000732421875,27.770000457763672,884.0850219726562,38.40999984741211,482.17999267578125,74.81500244140625,62.7599983215332,35.165000915527344,187.63999938964844,84.0199966430664,232.1999969482422,141.64500427246094,70.41500091552734,,42.875,140.77000427246094,40.290000915527344,67.41999816894531,79.88999938964844,85.66000366210938,123.86499786376953,322.5,321.9200134277344,199.72000122070312,713.7750244140625,176.65499877929688,42.47990036010742,650.5800170898438,591.7150268554688,27.184999465942383,23.024999618530273,1358.02001953125,435.2749938964844,203.13999938964844,320.0400085449219,73.44499969482422,51.66510009765625,2153.330078125,649.4199829101562,76.2750015258789,952.4600219726562,84.11499786376953,484.625,161.26010131835938,337.4100036621094,90.86000061035156,188.9398956298828,237.82000732421875,166.2100067138672,91.19000244140625,194.82000732421875,111.62000274658203,115.87999725341797,120.88999938964844,137.25,182.23989868164062,58.67499923706055,178.8300018310547,811.9550170898438,435.5150146484375,186.81500244140625,87.30000305175781,167.36749267578125,522.0999755859375,311.1000061035156,163.08999633789062,197.0800018310547,127.93499755859375,436.489990234375,255.36000061035156,184.99000549316406,219.83999633789062,483.1400146484375,28.584999084472656,211.88999938964844,200.88760375976562,73.05999755859375,230.8350067138672
2026-01-07 20:26:00+00:00,261.3599853515625,137.6074981689453,339.2200012207031,291.6600036621094,261.3349914550781,293.5,113.34989929199219,423.0450134277344,291.6319885253906,209.83999633789062,341.29998779296875,242.6300048828125,633.1199951171875,115.80000305175781,1227.2099609375,344.6099853515625,618.3150024414062,94.4800033569336,5459.8701171875,48.869998931884766,85.17500305175781,320.80999755859375,336.3500061035156,207.77000427246094,27.764999389648438,884.239990234375,38.39550018310547,481.7080078125,74.79499816894531,62.83000183105469,35.1150016784668,187.52999877929688,84.04000091552734,232.27499389648438,141.50599670410156,70.3499984741211,204.375,42.86000061035156,140.77999877929688,40.30070114135742,67.38999938964844,79.8499984741211,85.70999908447266,123.79000091552734,322.375,321.7401123046875,199.6199951171875,,176.55499267578125,42.4900016784668,650.4249877929688,591.1900024414062,27.180099487304688,23.03499984741211,1357.41748046875,435.44000244140625,202.9499969482422,320.0299987792969,73.52999877929688,51.630001068115234,2153.510009765625,649.5,76.33999633789062,951.1699829101562,84.07849884033203,484.5849914550781,161.19000244140625,337.4100036621094,90.83999633789062,188.9550018310547,237.89999389648438,166.1199951171875,91.22000122070312,194.69369506835938,111.55500030517578,115.91000366210938,120.92500305175781,137.27999877929688,182.48989868164062,58.687198638916016,178.85499572753906,811.2550048828125,435.6400146484375,186.75999450683594,87.30500030517578,167.36500549316406,522.0549926757812,310.57000732421875,163.08999633789062,197.1699981689453,127.94999694824219,436.3689880371094,255.27499389648438,185.0050048828125,219.7100067138672,482.8550109863281,28.56999969482422,211.82000732421875,200.9600067138672,73.04000091552734,230.6156005859375
2026-01-07 20:27:00+00:00,261.3299865722656,137.66000366210938,339.2250061035156,291.68499755859375,261.3765869140625,293.5325012207031,113.33000183105469,422.4599914550781,291.625,209.77830505371094,341.20001220703125,242.49000549316406,632.8099975585938,115.67340087890625,1227.635009765625,344.4200134277344,618.9600219726562,94.44999694824219,5459.77490234375,48.849998474121094,85.12000274658203,320.84710693359375,335.5874938964844,207.59500122070312,27.777099609375,884.0800170898438,38.400001525878906,481.1300048828125,74.7750015258789,62.83000183105469,35.10499954223633,187.55499267578125,84.00499725341797,232.24249267578125,141.46600341796875,70.3550033569336,204.375,42.849998474121094,140.7100067138672,40.29499816894531,67.37999725341797,79.80999755859375,85.75,123.76000213623047,322.2149963378906,321.6300048828125,199.58999633789062,712.8300170898438,176.8925018310547,42.51499938964844,650.1649780273438,590.9949951171875,27.18600082397461,23.049999237060547,1357.175048828125,435.3550109863281,202.91510009765625,320.3399963378906,73.51080322265625,51.63999938964844,2153.52001953125,649.2050170898438,76.26000213623047,950.530029296875,84.0999984741211,484.57000732421875,161.1750030517578,337.42498779296875,90.83499908447266,188.9499969482422,237.94000244140625,166.03500366210938,91.20999908447266,194.64999389648438,111.55999755859375,115.91500091552734,120.94999694824219,137.1862030029297,182.49000549316406,58.67499923706055,178.80349731445312,810.8499755859375,435.69000244140625,186.7899932861328,87.30000305175781,167.2100067138672,522.1199951171875,309.8100891113281,162.82000732421875,197.08999633789062,127.93499755859375,436.2300109863281,255.36749267578125,184.91000366210938,219.8000030517578,482.54998779296875,28.56999969482422,211.77999877929688,200.8300018310547,73.04319763183594,230.52999877929688
2026-01-07 20:28:00+00:00,261.3800048828125,137.7100067138672,339.2550048828125,291.4049987792969,261.29998779296875,293.4800109863281,113.29499816894531,421.9949951171875,291.5849914550781,209.66000366210938,341.3900146484375,242.5,632.5800170898438,115.66999816894531,1227.2249755859375,344.5419921875,619.3300170898438,94.49800109863281,5461.06982421875,48.869998931884766,85.1500015258789,320.67999267578125,335.20001220703125,207.6999969482422,27.78499984741211,883.9949951171875,38.3754997253418,481.5873107910156,74.75499725341797,62.6349983215332,35.095001220703125,187.67999267578125,84.0199966430664,232.25999450683594,141.37249755859375,70.30999755859375,204.375,42.834999084472656,140.6699981689453,40.3650016784668,67.36000061035156,79.75,85.71499633789062,123.80000305175781,322.3299865722656,321.7099914550781,199.58999633789062,713.2050170898438,176.80999755859375,42.459800720214844,650.3099975585938,591.0,27.184999465942383,23.045000076293945,1356.4599609375,435.32000732421875,202.85000610351562,320.2650146484375,73.5,51.6349983215332,2152.75,648.9849853515625,76.2249984741211,948.0,84.12000274658203,484.4750061035156,160.69000244140625,337.239990234375,90.79290008544922,188.9499969482422,237.72999572753906,165.9600067138672,91.19989776611328,194.6999969482422,111.58000183105469,115.97000122070312,120.95999908447266,137.24000549316406,182.25999450683594,58.665000915527344,178.7899932861328,811.260009765625,,186.8000030517578,87.3281021118164,167.22999572753906,522.2000122070312,310.1152038574219,162.97500610351562,197.11000061035156,127.86000061035156,436.0799865722656,,185.0,219.72500610351562,482.6400146484375,28.579999923706055,211.8800048828125,200.8000030517578,73.04000091552734,230.61000061035156
2026-01-07 20:29:00+00:00,261.3299865722656,137.72000122070312,339.2001037597656,291.3900146484375,261.30999755859375,293.4800109863281,113.33000183105469,422.81500244140625,291.69000244140625,209.4949951171875,341.5199890136719,242.55999755859375,632.8800048828125,115.58679962158203,1227.93994140625,344.6199951171875,,94.5199966430664,5462.3798828125,48.904998779296875,85.11000061035156,320.7099914550781,335.4800109863281,207.83999633789062,27.78499984741211,884.0650024414062,38.39500045776367,482.4049987792969,74.78500366210938,62.560001373291016,35.08000183105469,187.64889526367188,84.05999755859375,232.53500366210938,141.52000427246094,70.36000061035156,,42.85499954223633,140.74000549316406,40.380001068115234,67.4000015258789,79.80500030517578,85.75,123.83000183105469,322.4700012207031,321.9100036621094,199.625,713.760009765625,176.82000732421875,42.435001373291016,650.8499755859375,591.2374877929688,27.184999465942383,23.045000076293945,1357.3199462890625,435.3299865722656,202.9315948486328,320.4599914550781,73.49500274658203,51.63019943237305,2153.56494140625,649.2899780273438,76.25499725341797,949.2000122070312,84.1500015258789,484.55999755859375,160.44500732421875,337.2900085449219,90.7750015258789,188.99000549316406,237.8300018310547,166.08999633789062,91.19000244140625,194.75,111.5199966430664,116.0,120.94999694824219,137.24000549316406,182.47999572753906,58.67499923706055,178.6699981689453,811.0,435.7099914550781,186.86000061035156,87.37000274658203,167.2949981689453,522.5499877929688,309.7749938964844,163.0800018310547,197.125,127.80000305175781,436.1400146484375,255.44000244140625,185.05999755859375,219.75,482.93499755859375,28.584999084472656,211.9250030517578,200.4001007080078,73.06999969482422,230.92999267578125
2026-01-07 20:30:00+00:00,261.1400146484375,137.72000122070312,339.17999267578125,291.3099060058594,261.1600036621094,293.4649963378906,113.37359619140625,422.3900146484375,291.75,209.4550018310547,341.7250061035156,242.37010192871094,632.47998046875,115.56999969482422,1227.93994140625,344.32501220703125,619.4600219726562,94.54000091552734,5463.58984375,48.8849983215332,85.08499908447266,320.9200134277344,335.4599914550781,207.60000610351562,27.780000686645508,884.2150268554688,38.40999984741211,482.2749938964844,74.7249984741211,62.54499816894531,35.084999084472656,187.6999969482422,84.06500244140625,232.5749969482422,141.69500732421875,70.23999786376953,204.3800048828125,42.86000061035156,140.66000366210938,40.3849983215332,67.37989807128906,79.87000274658203,85.69000244140625,123.7750015258789,322.30999755859375,321.760009765625,199.61000061035156,714.02001953125,176.5399932861328,42.30500030517578,650.6900024414062,591.7899780273438,27.184999465942383,23.03969955444336,1356.9200439453125,435.44000244140625,202.64999389648438,320.4100036621094,73.52999877929688,51.599998474121094,2151.574951171875,649.1599731445312,76.29000091552734,948.3099975585938,84.14990234375,484.3900146484375,160.24600219726562,337.5277099609375,90.68000030517578,188.94500732421875,237.80999755859375,166.02000427246094,91.20999908447266,194.69000244140625,111.53500366210938,115.83000183105469,120.95999908447266,137.24000549316406,182.3000030517578,58.662200927734375,178.77499389648438,810.72998046875,435.75,186.86000061035156,87.37999725341797,167.3350067138672,522.2949829101562,309.18499755859375,163.3350067138672,197.125,127.75499725341797,436.1000061035156,255.3699951171875,185.10000610351562,219.82000732421875,482.94500732421875,28.56999969482422,211.92999267578125,200.03500366210938,73.06999969482422,230.718994140625
2026-01-07 20:31:00+00:00,261.0400085449219,137.65199279785156,339.04998779296875,291.17999267578125,261.0398864746094,293.614990234375,113.41000366210938,422.010009765625,291.4599914550781,209.42999267578125,341.55499267578125,242.3000030517578,632.239990234375,115.48999786376953,1226.3900146484375,344.364990234375,618.9849853515625,94.68000030517578,5462.47998046875,48.845001220703125,85.1500015258789,320.7799987792969,335.3550109863281,207.60499572753906,27.790000915527344,883.8400268554688,38.375,482.3949890136719,74.69999694824219,62.40999984741211,35.06449890136719,187.63999938964844,84.05000305175781,232.49000549316406,141.66000366210938,70.18000030517578,204.36000061035156,42.84510040283203,140.5399932861328,40.415000915527344,67.40499877929688,79.87000274658203,85.68000030517578,123.86000061035156,321.9700012207031,321.3550109863281,199.5800018310547,713.875,176.5800018310547,42.314998626708984,650.5499877929688,591.7249755859375,27.184999465942383,23.059999465942383,1356.2149658203125,435.3900146484375,202.31500244140625,320.45001220703125,73.37999725341797,51.6349983215332,2153.0,648.780029296875,76.27999877929688,947.9199829101562,84.12979888916016,484.25,160.44700622558594,337.70001220703125,90.61190032958984,188.7949981689453,237.76499938964844,166.14999389648438,91.25,194.75,111.49500274658203,115.79000091552734,120.97000122070312,137.22000122070312,182.2100067138672,58.64500045776367,178.72000122070312,810.6799926757812,435.625,186.77000427246094,87.45500183105469,167.23500061035156,521.5275268554688,309.677490234375,163.14999389648438,197.1300048828125,127.77999877929688,436.0,255.2949981689453,185.03500366210938,219.85000610351562,483.1400146484375,28.565000534057617,211.8000030517578,200.17999267578125,73.03399658203125,230.8249969482422
2026-01-07 20:32:00+00:00,260.95001220703125,137.66000366210938,338.9800109863281,291.3349914550781,260.9849853515625,293.5799865722656,113.375,423.0400085449219,291.5299987792969,209.8800048828125,341.5400085449219,242.34500122070312,632.9500122070312,115.55999755859375,1227.1800537109375,344.75,619.8300170898438,94.61000061035156,5465.6201171875,48.834999084472656,85.19499969482422,320.760009765625,335.45001220703125,207.57000732421875,27.790000915527344,884.3499755859375,38.375,482.7099914550781,74.72509765625,62.43000030517578,35.03499984741211,187.58999633789062,84.0199966430664,232.7050018310547,141.60159301757812,70.13999938964844,204.3699951171875,42.83000183105469,140.55999755859375,40.415000915527344,67.43000030517578,79.8499984741211,85.68000030517578,123.87000274658203,322.1700134277344,321.5799865722656,199.49000549316406,713.6199951171875,176.64500427246094,42.36989974975586,650.260009765625,591.385009765625,27.190000534057617,23.04990005493164,1356.9000244140625,435.29998779296875,202.46499633789062,320.3800048828125,73.37999725341797,51.59000015258789,2154.179931640625,648.5999755859375,76.25,948.0399780273438,84.25080108642578,484.2699890136719,160.27999877929688,338.17999267578125,90.63600158691406,188.97000122070312,237.97000122070312,166.10000610351562,91.2300033569336,194.75,111.4800033569336,115.7699966430664,120.9800033569336,137.17999267578125,182.41000366210938,58.630001068115234,178.71499633789062,810.0700073242188,435.5400085449219,186.86000061035156,87.41000366210938,167.10000610351562,521.2650146484375,309.8999938964844,163.27000427246094,197.10499572753906,127.84500122070312,436.4700012207031,255.39999389648438,184.97500610351562,219.75,482.4750061035156,28.565000534057617,211.74000549316406,200.38999938964844,73.02999877929688,230.88999938964844
2026-01-07 20:33:00+00:00,260.8399963378906,137.74000549316406,338.92999267578125,291.3599853515625,260.94000244140625,293.57000732421875,113.41999816894531,423.1600036621094,291.5899963378906,209.85000610351562,341.6600036621094,242.4716033935547,632.3699951171875,115.75,1227.31005859375,344.8974914550781,619.5,94.62000274658203,5462.0400390625,48.810001373291016,85.21499633789062,320.8500061035156,335.6499938964844,207.47999572753906,27.795000076293945,884.0800170898438,38.380001068115234,482.2699890136719,74.67500305175781,62.369998931884766,35.03499984741211,187.61000061035156,84.0199966430664,232.67999267578125,141.58999633789062,70.11000061035156,,42.84000015258789,140.52000427246094,40.420799255371094,67.38999938964844,79.9000015258789,85.62000274658203,123.83499908447266,322.20001220703125,321.6099853515625,199.42999267578125,713.1300048828125,176.52999877929688,42.45989990234375,650.4199829101562,591.8900146484375,27.19499969482422,23.045000076293945,1356.56005859375,435.17999267578125,202.61000061035156,320.32000732421875,73.4800033569336,51.595001220703125,2156.389892578125,648.5499877929688,76.2300033569336,949.0900268554688,84.31999969482422,484.3143005371094,160.66000366210938,338.0899963378906,90.60759735107422,189.14500427246094,237.9600067138672,166.0399932861328,91.22650146484375,194.7550048828125,111.47000122070312,115.66000366210938,121.02999877929688,137.16419982910156,182.56199645996094,58.65999984741211,178.80999755859375,810.2957763671875,435.5400085449219,186.9573974609375,87.30000305175781,167.19000244140625,521.4600219726562,309.6499938964844,163.24000549316406,197.18499755859375,127.87000274658203,436.43499755859375,255.25999450683594,184.9199981689453,219.8000030517578,483.0899963378906,28.565000534057617,211.7899932861328,200.47500610351562,73.06999969482422,230.80099487304688
2026-01-07 20:34:00+00:00,260.7950134277344,137.67999267578125,338.8999938964844,291.1700134277344,261.0400085449219,293.4200134277344,113.36000061035156,423.0078125,291.2701110839844,209.74000549316406,341.4515075683594,242.2899932861328,632.3599853515625,115.68499755859375,1226.3699951171875,344.6300048828125,619.02001953125,94.62000274658203,5460.509765625,48.79999923706055,85.17500305175781,320.57000732421875,335.2200012207031,207.5,27.799999237060547,883.8900146484375,38.400001525878906,482.2149963378906,74.62460327148438,62.29999923706055,35.0,187.5399932861328,83.9800033569336,232.25,141.61000061035156,70.11499786376953,204.3699951171875,42.834999084472656,140.4499969482422,40.435001373291016,67.36499786376953,79.86000061035156,85.58000183105469,123.76499938964844,321.9849853515625,321.41680908203125,199.27000427246094,713.4249877929688,176.625,42.415000915527344,650.52001953125,591.9099731445312,27.184999465942383,23.045000076293945,1356.0400390625,435.010009765625,202.36000061035156,320.2300109863281,73.43000030517578,51.564998626708984,2157.965087890625,648.469970703125,76.23500061035156,948.9550170898438,84.2249984741211,484.35009765625,160.61500549316406,337.67999267578125,90.57499694824219,189.00999450683594,237.55999755859375,166.1300048828125,91.25499725341797,194.61000061035156,111.42500305175781,115.61000061035156,120.9749984741211,137.13999938964844,182.091796875,58.625,178.61000061035156,809.5,435.6499938964844,186.94000244140625,87.30000305175781,167.02999877929688,521.1950073242188,309.25,162.9199981689453,197.16000366210938,127.90499877929688,435.95001220703125,255.35000610351562,184.73500061035156,219.8699951171875,482.8900146484375,28.549999237060547,211.80999755859375,200.42999267578125,73.06500244140625,230.64999389648438
2026-01-07 20:35:00+00:00,260.75,137.75,339.0450134277344,291.2900085449219,261.07000732421875,293.3900146484375,113.33999633789062,422.5199890136719,291.2099914550781,209.75,341.57000732421875,242.11000061035156,631.1901245117188,115.5999984741211,1226.0550537109375,344.75,618.4099731445312,94.58999633789062,,48.75,85.12000274658203,320.5299987792969,335.0400085449219,207.14999389648438,27.78499984741211,883.3099975585938,38.369998931884766,481.1200866699219,74.61499786376953,62.380001068115234,34.959999084472656,187.53500366210938,83.94499969482422,232.2100067138672,141.4199981689453,70.0999984741211,204.35499572753906,42.82500076293945,140.38999938964844,40.404998779296875,67.3499984741211,79.83499908447266,85.58000183105469,123.75,321.6400146484375,321.139892578125,199.0800018310547,713.2000122070312,176.47500610351562,42.39500045776367,650.5399780273438,591.7349853515625,27.184999465942383,23.045000076293945,1355.989990234375,435.1050109863281,202.34500122070312,320.2250061035156,73.43000030517578,51.55500030517578,2156.449951171875,648.4000244140625,76.23999786376953,949.7000122070312,84.19000244140625,484.0150146484375,160.55499267578125,337.44000244140625,90.52680206298828,188.9250030517578,237.5,165.94000244140625,91.25499725341797,194.5800018310547,111.33000183105469,115.58999633789062,121.0,137.11000061035156,182.10989379882812,58.625,178.75,809.0800170898438,435.6499938964844,186.8699951171875,87.20999908447266,166.8800048828125,521.22998046875,309.31500244140625,163.01499938964844,197.11000061035156,127.83499908447266,435.4700012207031,255.1699981689453,184.7050018310547,219.61000061035156,482.8299865722656,28.549999237060547,211.72000122070312,200.44000244140625,73.04000091552734,230.4801025390625
2026-01-07 20:36:00+00:00,260.7550048828125,137.64999389648438,338.989990234375,291.364990234375,261.0400085449219,293.6099853515625,113.3550033569336,422.4849853515625,291.20001220703125,209.80999755859375,341.7099914550781,242.1699981689453,631.4299926757812,115.62999725341797,1226.3499755859375,344.70001220703125,618.4149780273438,94.59459686279297,5458.2900390625,48.744998931884766,85.0999984741211,320.8399963378906,335.5799865722656,207.17999267578125,27.795000076293945,883.8699951171875,38.3650016784668,480.385009765625,74.62000274658203,62.505001068115234,34.935001373291016,187.55999755859375,83.95999908447266,232.07000732421875,141.49000549316406,70.18000030517578,204.35499572753906,42.84000015258789,140.32000732421875,40.404998779296875,67.38999938964844,79.80999755859375,85.55000305175781,123.82499694824219,321.54998779296875,320.9999084472656,199.1199951171875,713.1099853515625,176.63999938964844,42.474998474121094,650.5599975585938,592.25,27.184099197387695,23.03499984741211,1355.655029296875,435.17498779296875,202.19500732421875,320.1499938964844,73.44000244140625,51.53499984741211,2160.751708984375,648.1699829101562,76.26000213623047,952.0800170898438,84.26000213623047,483.9100036621094,160.86500549316406,337.5799865722656,90.53500366210938,189.0198974609375,237.63999938964844,166.03500366210938,91.16500091552734,194.63999938964844,111.4000015258789,115.55500030517578,121.05000305175781,137.1199951171875,182.05999755859375,58.61069869995117,178.73500061035156,809.3150024414062,435.8299865722656,186.83999633789062,87.11000061035156,166.90499877929688,520.8599853515625,309.2200012207031,163.0,197.11000061035156,127.875,435.4031982421875,255.2050018310547,184.6699981689453,219.76499938964844,482.70001220703125,28.530000686645508,211.69000244140625,200.51499938964844,73.04000091552734,230.5189971923828
2026-01-07 20:37:00+00:00,260.7650146484375,137.60499572753906,338.7200012207031,291.3999938964844,261.06500244140625,293.3599853515625,113.32240295410156,423.1650085449219,291.1199951171875,209.5399932861328,341.739990234375,242.02000427246094,630.8300170898438,115.58999633789062,1225.43994140625,344.4750061035156,618.72998046875,94.58499908447266,5454.18017578125,48.7599983215332,85.0999984741211,320.57000732421875,335.4549865722656,207.25079345703125,27.78499984741211,883.4716186523438,38.35499954223633,479.5,74.55999755859375,62.439998626708984,34.91999816894531,187.39999389648438,83.91000366210938,231.99000549316406,141.47999572753906,70.18000030517578,204.35499572753906,42.845001220703125,140.30999755859375,40.415000915527344,67.4000015258789,79.7300033569336,85.44999694824219,124.05000305175781,321.5799865722656,321.010009765625,199.32000732421875,712.7999877929688,176.60000610351562,42.405399322509766,649.780029296875,591.6400146484375,27.184999465942383,23.020000457763672,1355.8399658203125,434.9375,202.22000122070312,320.135009765625,73.38999938964844,51.46500015258789,2160.22998046875,648.1699829101562,76.2300033569336,951.6599731445312,84.18000030517578,483.610595703125,161.16000366210938,337.5299987792969,90.50499725341797,188.875,237.55999755859375,165.9949951171875,91.06999969482422,194.48500061035156,111.37000274658203,115.46499633789062,121.0250015258789,137.07000732421875,181.8800048828125,58.6150016784668,178.7449951171875,808.4000244140625,435.6300048828125,186.77000427246094,87.0199966430664,166.8000030517578,520.3150024414062,309.2250061035156,163.0,197.1199951171875,127.86499786376953,435.2099914550781,255.4600067138672,184.5800018310547,219.63999938964844,482.6449890136719,28.53499984741211,211.49000549316406,200.5200958251953,73.01000213623047,230.39010620117188
2026-01-07 20:38:00+00:00,260.8800048828125,137.55999755859375,338.79998779296875,291.2900085449219,261.0840148925781,293.4469909667969,113.33000183105469,422.94000244140625,291.05999755859375,209.46499633789062,341.6099853515625,241.9600067138672,631.3400268554688,115.62999725341797,1225.8299560546875,344.47320556640625,619.239990234375,94.66000366210938,5454.4599609375,48.77000045776367,85.09500122070312,320.7398986816406,334.80999755859375,206.97500610351562,27.78499984741211,883.4500122070312,38.334999084472656,479.7799987792969,74.58999633789062,62.165000915527344,34.91999816894531,187.4499969482422,83.91999816894531,232.1199951171875,141.54249572753906,70.16999816894531,204.35499572753906,42.834999084472656,140.3000030517578,40.439701080322266,67.4000015258789,79.77999877929688,85.47000122070312,124.0,321.5899963378906,320.989990234375,199.57000732421875,712.6799926757812,176.7100067138672,42.314998626708984,650.3200073242188,591.9249877929688,27.184999465942383,23.014999389648438,1355.6500244140625,434.5920104980469,202.35000610351562,320.1199951171875,73.36000061035156,51.44499969482422,2161.580078125,648.3499755859375,76.2300033569336,952.4400024414062,84.2300033569336,483.7250061035156,161.35000610351562,337.7900085449219,90.51499938964844,188.82989501953125,237.47999572753906,165.94000244140625,90.98999786376953,194.5800018310547,111.41000366210938,115.5,120.94999694824219,137.05999755859375,182.11749267578125,58.6150016784668,178.71499633789062,808.4000244140625,435.69000244140625,186.73500061035156,86.88999938964844,166.7550048828125,520.3900146484375,309.2809143066406,163.36000061035156,197.0,127.94000244140625,435.0299987792969,255.52000427246094,184.55999755859375,219.67999267578125,482.6700134277344,28.514999389648438,211.58999633789062,200.39500427246094,72.99500274658203,230.5
2026-01-07 20:39:00+00:00,260.8900146484375,137.47999572753906,338.80999755859375,291.2950134277344,261.07000732421875,293.30999755859375,113.3550033569336,423.30999755859375,291.2026062011719,209.4550018310547,341.6099853515625,241.8800048828125,631.0599975585938,115.58999633789062,1226.3199462890625,344.43499755859375,619.3300170898438,94.6500015258789,5453.455078125,48.755001068115234,85.07499694824219,320.4200134277344,335.3699951171875,206.6699981689453,27.760000228881836,883.4500122070312,38.314998626708984,479.4800109863281,74.59500122070312,62.119998931884766,34.91999816894531,187.35000610351562,83.88500213623047,231.94000244140625,141.52499389648438,70.12999725341797,204.35499572753906,42.8650016784668,140.27999877929688,40.44499969482422,67.38999938964844,79.73999786376953,85.4000015258789,124.0250015258789,321.5299987792969,320.8999938964844,199.27000427246094,712.47998046875,176.68499755859375,42.42490005493164,650.094970703125,591.9299926757812,27.174999237060547,23.014999389648438,1356.35498046875,434.4949951171875,202.52000427246094,320.05999755859375,73.37000274658203,51.470001220703125,2160.070068359375,648.7999877929688,76.17500305175781,951.9749755859375,84.29000091552734,483.885009765625,161.2200927734375,337.8299865722656,90.49500274658203,188.86000061035156,237.5500030517578,166.02000427246094,90.92500305175781,194.50999450683594,111.42250061035156,115.48999786376953,120.98999786376953,137.0399932861328,182.07000732421875,58.57419967651367,178.8000030517578,808.5,435.42498779296875,186.6999969482422,86.7300033569336,166.69000244140625,520.9550170898438,309.44000244140625,162.7899932861328,196.97999572753906,127.91500091552734,434.9104919433594,255.52000427246094,184.57000732421875,219.52000427246094,482.625,28.5049991607666,211.51499938964844,200.58999633789062,73.00499725341797,230.46499633789062
2026-01-07 20:40:00+00:00,260.8299865722656,137.47999572753906,338.8399963378906,291.29998779296875,261.1400146484375,293.2900085449219,113.3949966430664,424.42999267578125,291.5199890136719,209.33999633789062,341.69500732421875,241.97500610351562,631.719970703125,115.66999816894531,1227.2049560546875,344.6300964355469,619.3900146484375,94.73999786376953,5453.4599609375,48.79999923706055,85.08999633789062,320.70001220703125,335.7250061035156,206.6750030517578,27.764999389648438,883.3900146484375,38.29499816894531,479.510009765625,74.57499694824219,62.1150016784668,34.92100143432617,187.25999450683594,83.92500305175781,231.89500427246094,141.53500366210938,70.13999938964844,204.3699951171875,42.90999984741211,140.35499572753906,40.435001373291016,67.4000015258789,79.77999877929688,85.47000122070312,124.16999816894531,321.69000244140625,321.05999755859375,199.0500030517578,712.7249755859375,176.75999450683594,42.48500061035156,650.2999877929688,592.0,27.184999465942383,23.024999618530273,1357.3299560546875,434.5899963378906,202.625,320.1099853515625,73.41000366210938,51.53499984741211,2161.070068359375,649.0750122070312,76.19000244140625,952.3699951171875,84.29000091552734,484.125,161.38009643554688,338.0899963378906,90.47000122070312,188.97999572753906,237.72000122070312,166.02999877929688,90.86000061035156,194.57000732421875,111.37000274658203,115.5,121.01000213623047,137.0850067138672,182.3800048828125,58.599998474121094,178.56500244140625,808.5349731445312,435.6499938964844,186.7550048828125,86.7488021850586,166.75,520.8400268554688,309.9125061035156,162.7100067138672,196.94000244140625,127.98500061035156,434.8550109863281,255.41000366210938,184.64999389648438,219.58999633789062,482.17999267578125,28.5,211.5050048828125,200.86000061035156,73.08000183105469,230.5399932861328
2026-01-07 20:41:00+00:00,260.760009765625,137.52999877929688,338.6300048828125,291.55999755859375,261.1099853515625,293.2699890136719,113.37999725341797,424.2099914550781,291.55999755859375,209.2449951171875,341.6650085449219,241.97999572753906,631.9000244140625,115.52999877929688,1226.6099853515625,344.70001220703125,619.1649780273438,94.82499694824219,5455.669921875,48.81999969482422,85.05999755859375,320.6300048828125,335.57000732421875,206.63999938964844,27.764999389648438,883.6599731445312,38.314998626708984,479.80499267578125,74.53500366210938,62.23500061035156,34.974998474121094,187.30999755859375,83.9000015258789,231.94000244140625,141.42010498046875,70.12999725341797,204.36000061035156,42.8849983215332,140.41000366210938,40.44499969482422,67.41000366210938,79.86000061035156,85.52999877929688,124.25,321.6499938964844,321.0299987792969,198.80999755859375,712.0800170898438,176.8300018310547,42.519901275634766,650.114990234375,592.1400146484375,27.184999465942383,23.024999618530273,1358.1300048828125,434.3699951171875,202.6199951171875,320.05999755859375,73.4800033569336,51.525001525878906,2161.2294921875,648.8300170898438,76.19499969482422,952.6749877929688,84.27999877929688,483.8949890136719,161.3699951171875,337.9100036621094,90.46499633789062,188.89999389648438,237.8000030517578,166.08999633789062,90.87000274658203,194.5800018310547,111.3499984741211,115.33999633789062,120.96499633789062,137.06590270996094,182.35499572753906,58.599998474121094,178.6649932861328,809.364990234375,435.5924987792969,186.8300018310547,86.80000305175781,166.64999389648438,520.9400024414062,310.0299987792969,162.71499633789062,197.0500946044922,127.98500061035156,434.5199890136719,255.40499877929688,184.7899932861328,219.6300048828125,482.239990234375,28.5,211.38999938964844,201.05999755859375,73.1050033569336,230.5050048828125
2026-01-07 20:42:00+00:00,260.8299865722656,137.44000244140625,338.6099853515625,291.4800109863281,261.2049865722656,293.360107421875,113.32499694824219,424.5249938964844,291.67498779296875,209.30999755859375,341.6199951171875,242.17999267578125,633.1900024414062,115.63500213623047,1226.760009765625,344.7001037597656,619.739990234375,94.86000061035156,5454.43505859375,48.869998931884766,85.06500244140625,320.7820129394531,335.5050048828125,206.77999877929688,27.78499984741211,883.7650146484375,38.314998626708984,480.19500732421875,74.53500366210938,62.20500183105469,34.974998474121094,187.32000732421875,83.98500061035156,231.9600067138672,141.589599609375,70.22000122070312,204.36500549316406,42.8849983215332,140.52000427246094,40.45000076293945,67.41999816894531,79.91999816894531,85.5999984741211,124.17500305175781,321.7850036621094,321.1650085449219,198.77999877929688,711.1599731445312,176.6999969482422,42.48500061035156,650.114990234375,592.2999877929688,27.165000915527344,23.024999618530273,1357.7099609375,434.3392028808594,202.52000427246094,320.0849914550781,73.47000122070312,51.494998931884766,2164.3798828125,649.2949829101562,76.19000244140625,953.5449829101562,84.36499786376953,483.97100830078125,161.41009521484375,338.4200134277344,90.48500061035156,188.9600067138672,237.75999450683594,166.1649932861328,90.84500122070312,194.83050537109375,111.31999969482422,115.44000244140625,120.98500061035156,137.02999877929688,182.49000549316406,58.6349983215332,178.50999450683594,809.239990234375,435.5899963378906,186.89999389648438,86.80729675292969,166.7899932861328,521.25,310.0849914550781,162.6750030517578,197.0449981689453,127.93000030517578,435.1199951171875,255.74000549316406,184.74000549316406,219.6649932861328,482.7799987792969,28.5,211.42999267578125,201.28500366210938,73.1050033569336,230.59500122070312
2026-01-07 20:43:00+00:00,260.7560119628906,137.40499877929688,338.5450134277344,291.4649963378906,261.1600036621094,293.4425048828125,113.33000183105469,424.0924987792969,291.6650085449219,209.49000549316406,341.0199890136719,242.14999389648438,633.3099975585938,115.56500244140625,1226.56005859375,344.6400146484375,620.125,94.80999755859375,5456.25,48.875,85.05999755859375,320.7099914550781,335.8550109863281,206.75,27.764999389648438,883.1400146484375,38.30500030517578,480.0299987792969,74.55000305175781,62.220001220703125,35.005001068115234,187.22000122070312,83.97000122070312,232.0800018310547,141.5449981689453,70.16999816894531,204.36500549316406,42.8849983215332,140.50999450683594,40.48500061035156,67.38999938964844,79.98999786376953,85.57499694824219,124.02999877929688,321.739990234375,321.1199951171875,198.72999572753906,710.4650268554688,176.35000610351562,42.47999954223633,650.280029296875,592.0800170898438,27.170000076293945,23.030000686645508,1358.3299560546875,434.3800048828125,202.63999938964844,320.18499755859375,73.41999816894531,51.5099983215332,2165.389892578125,649.3900146484375,76.20500183105469,954.8875122070312,84.31999969482422,483.9800109863281,161.375,338.3599853515625,90.4749984741211,188.9344024658203,237.99000549316406,166.02000427246094,90.81999969482422,194.77999877929688,111.27999877929688,115.44499969482422,120.97000122070312,137.0500030517578,182.54989624023438,58.595699310302734,178.47999572753906,807.8350219726562,435.7149963378906,186.80999755859375,86.7750015258789,166.9550018310547,521.2000122070312,310.8399963378906,162.57000732421875,196.97000122070312,128.0,435.42498779296875,256.0249938964844,184.80999755859375,219.4199981689453,482.5098876953125,28.5,211.44000244140625,202.02999877929688,73.12000274658203,230.6649932861328
2026-01-07 20:44:00+00:00,260.68499755859375,137.4600067138672,338.4800109863281,291.54998779296875,261.1400146484375,293.42498779296875,113.37999725341797,424.19500732421875,291.82000732421875,209.5050048828125,341.1788024902344,242.1199951171875,633.1300048828125,115.58999633789062,1226.9749755859375,344.67498779296875,620.2449951171875,94.87000274658203,5454.3798828125,48.88999938964844,85.09500122070312,320.9200134277344,336.25,206.69000244140625,27.764999389648438,883.010009765625,38.29499816894531,479.82000732421875,74.55500030517578,62.2400016784668,35.03499984741211,187.10000610351562,83.98500061035156,231.99000549316406,141.70849609375,70.1500015258789,204.35499572753906,42.8849983215332,140.55999755859375,40.474998474121094,,80.0,85.61000061035156,124.05000305175781,321.5400085449219,320.8900146484375,198.7100067138672,710.27001953125,176.4149932861328,42.47600173950195,650.5399780273438,592.1300048828125,27.174999237060547,23.024999618530273,1358.4100341796875,434.2950134277344,202.67999267578125,320.3299865722656,73.46499633789062,51.5255012512207,2162.788818359375,649.2550048828125,76.20999908447266,956.0599975585938,84.31999969482422,483.94500732421875,161.6999969482422,338.4700012207031,90.44499969482422,188.9398956298828,237.9600067138672,165.97999572753906,90.77999877929688,194.8800048828125,111.27850341796875,115.44999694824219,120.97000122070312,137.14999389648438,182.5500030517578,58.5890007019043,178.52000427246094,808.9749755859375,435.9849853515625,186.80999755859375,86.76000213623047,166.93319702148438,520.9550170898438,310.8799133300781,162.52999877929688,197.06500244140625,127.97000122070312,435.4100036621094,255.67999267578125,184.89999389648438,219.4199981689453,482.1824951171875,28.5,211.43499755859375,201.88999938964844,73.12999725341797,230.7449951171875
2026-01-07 20:45:00+00:00,260.6449890136719,137.33999633789062,338.4750061035156,291.70001220703125,261.1000061035156,293.3399963378906,113.33000183105469,423.17999267578125,291.95001220703125,209.52000427246094,341.1600036621094,241.8448944091797,632.739990234375,115.52999877929688,1226.9749755859375,344.6199951171875,620.25,94.94999694824219,5455.46484375,48.85499954223633,85.08999633789062,320.5400085449219,336.30999755859375,206.6699981689453,27.764999389648438,882.7750244140625,38.30500030517578,479.94500732421875,74.54499816894531,62.16999816894531,34.9900016784668,187.0449981689453,83.95999908447266,231.9250030517578,141.6699981689453,70.13999938964844,204.35499572753906,42.849998474121094,140.52000427246094,40.51499938964844,67.43000030517578,79.97000122070312,85.55999755859375,124.01000213623047,321.44500732421875,320.8599853515625,198.58999633789062,710.7100219726562,176.25999450683594,42.459999084472656,650.5700073242188,592.260009765625,27.15999984741211,23.014999389648438,1358.719970703125,434.25,202.57000732421875,320.2449951171875,73.62999725341797,51.5,2162.31005859375,649.0399780273438,76.22000122070312,955.3300170898438,84.40499877929688,483.8999938964844,161.5471954345703,338.25,90.45999908447266,188.92999267578125,238.5800018310547,165.97500610351562,90.77999877929688,194.8350067138672,111.29000091552734,115.37000274658203,120.95999908447266,137.1199951171875,182.38999938964844,58.560001373291016,178.55999755859375,808.760009765625,435.8599853515625,186.7949981689453,86.81999969482422,166.97000122070312,520.8699951171875,310.80999755859375,162.33999633789062,196.9600067138672,127.98999786376953,434.9549865722656,255.8000030517578,185.0500030517578,219.41000366210938,482.4549865722656,28.5,211.49000549316406,201.88999938964844,73.05500030517578,230.5800018310547
2026-01-07 20:46:00+00:00,260.54998779296875,137.38999938964844,338.3800048828125,292.1449890136719,261.1300048828125,293.42498779296875,113.36000061035156,423.18499755859375,292.135009765625,209.6649932861328,341.1000061035156,241.95799255371094,633.4500122070312,115.69499969482422,1228.18994140625,344.56500244140625,620.6099853515625,94.94000244140625,5454.22998046875,48.79499816894531,85.08999633789062,320.6300048828125,336.989990234375,206.57000732421875,27.780000686645508,883.0050048828125,38.310001373291016,479.9849853515625,74.55500030517578,62.2400016784668,35.0,187.02000427246094,83.97000122070312,231.86489868164062,141.5850067138672,70.22000122070312,204.36500549316406,42.86000061035156,140.42999267578125,40.5099983215332,67.41999816894531,79.91000366210938,85.66500091552734,124.01000213623047,321.6300048828125,321.12701416015625,198.5970001220703,711.0349731445312,176.2100067138672,42.56800079345703,650.9500122070312,592.1900024414062,27.15999984741211,23.040000915527344,1359.25,434.1099853515625,202.71499633789062,320.2799987792969,73.70999908447266,51.52000045776367,2164.6201171875,649.1099853515625,76.21499633789062,956.6799926757812,84.44920349121094,483.9599914550781,161.69000244140625,338.739990234375,90.47000122070312,189.07000732421875,238.77499389648438,165.92999267578125,90.83499908447266,195.0,111.30999755859375,115.43000030517578,120.95999908447266,137.1602020263672,182.48500061035156,58.56999969482422,178.72000122070312,809.1500244140625,435.8399963378906,186.83999633789062,86.83000183105469,166.97999572753906,521.2000122070312,311.0400085449219,162.3699951171875,196.91000366210938,128.02000427246094,435.05999755859375,255.82000732421875,185.4250030517578,219.4250030517578,482.43499755859375,28.510000228881836,211.4499969482422,202.14999389648438,73.06500244140625,230.6199951171875
2026-01-07 20:47:00+00:00,260.4200134277344,137.2899932861328,338.29998779296875,292.29998779296875,261.2300109863281,293.1700134277344,113.40499877929688,422.04998779296875,292.1300048828125,209.74000549316406,341.2900085449219,242.13499450683594,633.5900268554688,115.66000366210938,1228.1600341796875,344.67498779296875,620.3200073242188,94.97000122070312,5452.31494140625,48.81999969482422,85.08000183105469,320.6000061035156,337.4200134277344,206.52999877929688,27.774999618530273,883.47998046875,38.30500030517578,479.7699890136719,74.58499908447266,62.130001068115234,34.994998931884766,186.9550018310547,84.05000305175781,231.8643035888672,141.47000122070312,70.16999816894531,204.38999938964844,42.85499954223633,140.5,40.53499984741211,67.41500091552734,79.88999938964844,85.58999633789062,123.99500274658203,321.70001220703125,321.135009765625,198.96200561523438,710.0999755859375,176.1199951171875,42.534000396728516,651.0900268554688,592.0,27.184999465942383,23.045000076293945,1359.239990234375,434.0874938964844,202.72000122070312,320.25,73.75,51.54499816894531,2163.449951171875,649.0900268554688,76.2750015258789,956.260009765625,84.49500274658203,483.8599853515625,161.7050018310547,339.04998779296875,90.41999816894531,188.9949951171875,238.8249969482422,166.1699981689453,90.8499984741211,194.90499877929688,111.375,115.52999877929688,120.97000122070312,137.0800018310547,182.43499755859375,58.584999084472656,178.71499633789062,810.655029296875,436.4750061035156,186.91000366210938,86.88770294189453,167.10000610351562,521.094970703125,310.8349914550781,162.44000244140625,197.0399932861328,128.0,434.5950012207031,255.89999389648438,185.48500061035156,219.47999572753906,482.9280090332031,28.510000228881836,211.3800048828125,202.08999633789062,73.0999984741211,230.5
2026-01-07 20:48:00+00:00,260.3500061035156,137.13999938964844,338.2799987792969,292.2799987792969,261.0899963378906,293.1300048828125,113.41000366210938,422.5899963378906,292.1549987792969,209.6300048828125,341.07000732421875,242.1439971923828,633.4199829101562,115.55000305175781,1228.0550537109375,344.69000244140625,620.280029296875,95.0,5451.64013671875,48.86000061035156,85.1449966430664,320.510009765625,337.239990234375,206.47999572753906,27.780000686645508,883.219970703125,38.295501708984375,479.8399963378906,74.54499816894531,62.029998779296875,34.98749923706055,186.85000610351562,83.9800033569336,231.77499389648438,141.48500061035156,70.16000366210938,204.38999938964844,42.8650016784668,140.44000244140625,40.540000915527344,67.40499877929688,79.8832015991211,85.55999755859375,124.1050033569336,321.8900146484375,321.3500061035156,198.8800048828125,710.0499877929688,175.72000122070312,42.51499938964844,650.5650024414062,592.260009765625,27.204999923706055,23.045000076293945,1359.149169921875,433.8800048828125,202.72000122070312,320.1099853515625,73.70999908447266,51.500999450683594,2162.0,649.0549926757812,76.26000213623047,956.6500244140625,84.19499969482422,484.010009765625,161.83749389648438,339.0400085449219,90.38500213623047,188.9949951171875,238.6699981689453,165.8800048828125,90.83000183105469,194.92999267578125,111.31500244140625,115.37000274658203,121.04000091552734,137.05999755859375,182.36000061035156,58.564998626708984,178.65499877929688,810.52001953125,436.18499755859375,186.8800048828125,86.81999969482422,166.88999938964844,520.8300170898438,310.9100036621094,161.99009704589844,197.1699981689453,127.94000244140625,434.46600341796875,255.82000732421875,185.4250030517578,219.31500244140625,482.7699890136719,28.5,211.1699981689453,201.7100067138672,73.0999984741211,230.7299041748047
2026-01-07 20:49:00+00:00,260.30499267578125,137.07000732421875,338.0600891113281,292.3500061035156,261.07000732421875,293.07501220703125,113.47000122070312,422.42999267578125,292.239990234375,209.52000427246094,340.9999084472656,242.14999389648438,633.8499755859375,115.5250015258789,1228.260009765625,344.7550048828125,620.0999755859375,95.0199966430664,5453.02978515625,48.849998474121094,85.16000366210938,320.4700012207031,337.8900146484375,206.27000427246094,27.78499984741211,883.4849853515625,38.30500030517578,479.3399963378906,74.5250015258789,61.849998474121094,35.025001525878906,186.85000610351562,84.01000213623047,231.6300048828125,141.4949951171875,70.16000366210938,204.38999938964844,42.880001068115234,140.5019989013672,40.53860092163086,67.38999938964844,79.88500213623047,85.54000091552734,124.13500213623047,321.79998779296875,321.2300109863281,198.8000030517578,710.39501953125,175.25999450683594,42.54600143432617,650.780029296875,592.2899780273438,27.21500015258789,23.049999237060547,1358.8199462890625,433.80999755859375,202.78500366210938,320.0199890136719,73.80999755859375,51.5099983215332,2162.215087890625,648.9000244140625,76.30500030517578,956.5349731445312,84.26000213623047,483.9100036621094,161.9149932861328,339.2550048828125,90.38500213623047,189.0500030517578,238.8000030517578,165.9600067138672,90.84500122070312,194.78880310058594,111.3499984741211,115.36000061035156,120.98999786376953,137.11199951171875,182.25999450683594,58.527801513671875,178.78500366210938,811.1400146484375,436.18499755859375,186.88999938964844,86.73500061035156,166.88999938964844,520.7150268554688,310.79998779296875,162.00999450683594,197.3249969482422,127.9000015258789,434.4849853515625,256.07000732421875,185.5,219.3000030517578,482.8599853515625,28.4950008392334,211.19000244140625,201.60000610351562,73.0999984741211,230.58999633789062
2026-01-07 20:50:00+00:00,260.42498779296875,136.94500732421875,337.9624938964844,293.07000732421875,261.2900085449219,293.1700134277344,113.51000213623047,421.3900146484375,292.3550109863281,209.69500732421875,340.81500244140625,241.91000366210938,634.2550048828125,115.63999938964844,1229.3900146484375,344.8599853515625,621.1099853515625,95.16000366210938,5447.97021484375,48.92499923706055,85.20500183105469,320.3699951171875,338.7699890136719,206.52999877929688,27.80500030517578,883.6699829101562,38.28499984741211,479.1549987792969,74.59439849853516,61.810001373291016,35.064998626708984,186.4499969482422,83.94000244140625,231.6699981689453,141.3350067138672,70.19999694824219,204.41000366210938,42.959999084472656,140.41000366210938,40.54999923706055,67.30999755859375,79.8499984741211,85.5199966430664,124.19999694824219,322.1924133300781,321.635009765625,198.8800048828125,711.260009765625,175.0500030517578,42.619998931884766,650.4400024414062,592.2050170898438,27.19499969482422,23.05500030517578,1361.0,433.8299865722656,202.9949951171875,319.7200012207031,73.91999816894531,51.595001220703125,2167.27001953125,649.4749755859375,76.2699966430664,956.8099975585938,84.5,483.5450134277344,162.42999267578125,339.79998779296875,90.48500061035156,189.14500427246094,239.33999633789062,166.07000732421875,90.80999755859375,194.2720947265625,111.4800033569336,115.2300033569336,121.2300033569336,137.0850067138672,182.28500366210938,58.529998779296875,179.36500549316406,811.7000122070312,436.6199951171875,186.8699951171875,86.66000366210938,166.75,520.5599975585938,310.5899963378906,161.61000061035156,197.22000122070312,127.80500030517578,433.9039001464844,256.2250061035156,185.9499969482422,219.27999877929688,482.7699890136719,28.520000457763672,211.11500549316406,201.0,73.16999816894531,230.5
2026-01-07 20:51:00+00:00,260.1600036621094,136.9499969482422,338.07000732421875,292.739990234375,261.1600036621094,293.2250061035156,113.42500305175781,421.1600036621094,292.2099914550781,209.60000610351562,340.3500061035156,241.9499969482422,633.3300170898438,115.5199966430664,1228.375,344.6099853515625,620.489990234375,95.13999938964844,5450.96484375,48.959999084472656,85.11000061035156,320.2200012207031,338.0,206.60499572753906,27.825000762939453,882.489990234375,38.30500030517578,478.4800109863281,74.63500213623047,61.84000015258789,35.05500030517578,186.6999969482422,84.02899932861328,231.031005859375,141.07000732421875,70.20999908447266,204.4149932861328,42.939998626708984,140.47000122070312,40.584999084472656,67.30999755859375,79.88500213623047,85.62999725341797,124.125,322.13299560546875,321.55999755859375,198.92999267578125,711.0775146484375,175.0500030517578,42.55500030517578,650.760009765625,592.0399780273438,27.200000762939453,23.045000076293945,1359.6400146484375,434.010009765625,202.9801025390625,319.79998779296875,73.83999633789062,51.560001373291016,2167.0,648.9450073242188,76.26499938964844,957.9400024414062,84.3499984741211,483.760009765625,162.47500610351562,339.5199890136719,90.45240020751953,189.09930419921875,239.2899932861328,166.25,90.80500030517578,194.4199981689453,111.38999938964844,115.25,121.09500122070312,137.11000061035156,182.18899536132812,58.529998779296875,179.27999877929688,811.64501953125,436.7900085449219,186.89999389648438,86.83000183105469,166.6199951171875,520.3049926757812,310.4849853515625,161.4600067138672,197.17999267578125,127.70500183105469,433.5050048828125,256.1499938964844,185.97999572753906,219.34500122070312,483.0199890136719,28.536800384521484,211.17999267578125,201.0050048828125,73.12999725341797,230.49000549316406
2026-01-07 20:52:00+00:00,260.260009765625,137.0749969482422,338.69000244140625,292.4700012207031,261.260009765625,293.30999755859375,113.47000122070312,422.625,292.010009765625,209.8000030517578,340.95001220703125,242.0225067138672,633.8350219726562,115.74819946289062,1228.300048828125,344.7550048828125,621.010009765625,95.16999816894531,5455.97021484375,48.93000030517578,85.16000366210938,320.12750244140625,338.69000244140625,206.4499969482422,27.829999923706055,883.219970703125,38.334999084472656,479.0050048828125,74.68000030517578,61.95000076293945,35.04499816894531,186.6999969482422,84.05999755859375,231.47999572753906,141.2899932861328,70.16999816894531,204.42999267578125,42.94499969482422,140.52999877929688,40.5989990234375,67.37999725341797,79.9375,85.69499969482422,124.2300033569336,322.18499755859375,321.5899963378906,198.88999938964844,711.510009765625,175.59500122070312,42.55500030517578,650.6199951171875,592.6950073242188,27.219999313354492,23.05500030517578,1358.9300537109375,433.6449890136719,203.02000427246094,319.6700134277344,73.83000183105469,51.57500076293945,2166.679931640625,649.22998046875,76.31999969482422,957.0549926757812,84.42500305175781,483.6758117675781,162.36749267578125,339.5350036621094,90.48999786376953,189.2100067138672,239.4499969482422,166.22999572753906,90.83999633789062,194.5800018310547,111.4800033569336,115.30999755859375,121.12999725341797,137.1199951171875,182.25999450683594,58.56380081176758,179.2899932861328,811.47998046875,437.1549987792969,186.89999389648438,86.82499694824219,167.02000427246094,520.2899780273438,310.5,161.8699951171875,197.2100067138672,127.83000183105469,433.75,256.1449890136719,186.03250122070312,219.44000244140625,482.989990234375,28.524999618530273,211.32000732421875,200.91000366210938,73.15499877929688,230.7899932861328
2026-01-07 20:53:00+00:00,260.5150146484375,136.9250030517578,338.6300048828125,292.6000061035156,261.135009765625,293.25,113.45999908447266,422.7749938964844,292.1025085449219,209.82000732421875,341.1499938964844,241.99000549316406,633.8099975585938,115.61499786376953,1227.77001953125,344.6499938964844,619.9547729492188,95.19000244140625,5454.85009765625,48.93899917602539,85.3499984741211,320.20001220703125,339.45001220703125,206.36000061035156,27.860000610351562,883.2000122070312,38.34000015258789,478.6830139160156,74.65499877929688,61.75,35.03499984741211,186.6300048828125,84.01499938964844,231.11000061035156,141.4250030517578,70.09500122070312,204.47999572753906,42.939998626708984,140.47999572753906,40.59000015258789,67.40499877929688,79.90499877929688,85.69000244140625,124.22000122070312,322.17999267578125,321.5799865722656,198.8300018310547,711.9500122070312,175.61000061035156,42.50559997558594,650.8400268554688,592.4600219726562,27.2450008392334,23.045000076293945,1359.31494140625,433.5849914550781,203.0500030517578,319.6700134277344,73.9000015258789,51.57500076293945,2167.820068359375,649.0250244140625,76.3499984741211,956.7974853515625,84.37999725341797,483.54998779296875,162.4600067138672,339.2300109863281,90.53500366210938,189.11500549316406,239.5399932861328,165.92999267578125,90.80999755859375,194.39999389648438,111.52999877929688,115.30000305175781,121.09500122070312,137.13999938964844,182.1199951171875,58.57749938964844,179.22000122070312,812.1749877929688,436.9100036621094,186.97999572753906,86.79000091552734,166.99000549316406,520.1749877929688,310.3900146484375,161.50999450683594,197.1300048828125,127.88999938964844,433.5152893066406,256.2799987792969,186.0399932861328,219.35499572753906,483.2099914550781,28.520000457763672,211.27000427246094,200.72999572753906,73.19000244140625,230.91000366210938
2026-01-07 20:54:00+00:00,259.9800109863281,136.9499969482422,338.7799987792969,293.0299987792969,261.1400146484375,293.2449951171875,113.62000274658203,422.79998779296875,292.4700012207031,209.8300018310547,341.6400146484375,242.0500030517578,633.8599853515625,115.79119873046875,1228.5,344.489990234375,621.530029296875,95.13999938964844,5454.5400390625,48.939998626708984,85.47000122070312,320.17999267578125,340.0,206.7050018310547,27.889999389648438,882.9849853515625,38.29499816894531,480.2900085449219,74.65499877929688,61.720001220703125,34.994998931884766,186.8800048828125,84.03500366210938,230.7899932861328,141.47999572753906,70.11000061035156,204.49000549316406,42.96500015258789,140.72999572753906,40.56999969482422,67.3499984741211,79.96499633789062,85.74500274658203,124.4000015258789,322.1199951171875,321.57000732421875,198.70989990234375,714.375,176.0,42.60499954223633,651.1300048828125,592.4000244140625,27.260000228881836,23.05500030517578,1360.7550048828125,433.8399963378906,203.47999572753906,319.8550109863281,73.9800033569336,51.584999084472656,2163.43994140625,648.7899780273438,76.26000213623047,959.3400268554688,84.62999725341797,483.510009765625,162.3350067138672,339.6059875488281,90.62999725341797,189.0800018310547,239.44000244140625,166.0399932861328,90.91500091552734,193.9550018310547,111.61499786376953,115.18000030517578,120.95999908447266,137.11000061035156,181.80999755859375,58.599998474121094,179.8300018310547,811.7249755859375,437.5299987792969,186.94000244140625,86.72000122070312,166.77000427246094,520.6400146484375,309.0899963378906,161.55999755859375,197.27999877929688,127.91000366210938,433.2900085449219,256.44000244140625,186.13999938964844,219.31500244140625,484.3599853515625,28.545000076293945,211.22999572753906,200.5,73.23999786376953,231.19000244140625
2026-01-07 20:55:00+00:00,259.95001220703125,137.03500366210938,338.2099914550781,292.5899963378906,261.30999755859375,293.4049987792969,113.52300262451172,422.54998779296875,292.1700134277344,209.77450561523438,341.8500061035156,241.61500549316406,632.7150268554688,115.58999633789062,1226.6400146484375,343.9599914550781,621.0850219726562,95.19499969482422,5445.02978515625,48.92499923706055,85.54499816894531,320.4700012207031,339.07501220703125,206.50999450683594,27.875,881.1099853515625,38.14500045776367,480.3594055175781,74.67500305175781,61.849998474121094,35.040000915527344,186.58999633789062,84.05000305175781,230.46749877929688,141.61000061035156,70.16999816894531,204.47500610351562,42.93000030517578,140.6300048828125,40.57500076293945,67.40499877929688,79.98999786376953,85.75,124.3949966430664,322.17999267578125,321.69000244140625,198.73080444335938,713.8400268554688,175.86000061035156,42.50749969482422,650.9600219726562,592.27001953125,27.264999389648438,23.05500030517578,1359.43994140625,433.9200134277344,203.1300048828125,319.5849914550781,73.95999908447266,51.582401275634766,2162.030029296875,648.6699829101562,76.33499908447266,956.3099975585938,84.56999969482422,483.2900085449219,161.93499755859375,339.3500061035156,90.7750015258789,188.86000061035156,239.42999267578125,166.0258026123047,90.8499984741211,194.11000061035156,111.6050033569336,115.23999786376953,120.8949966430664,137.0399932861328,181.64500427246094,58.55500030517578,180.07000732421875,814.0,437.5350036621094,186.86500549316406,86.76499938964844,166.72500610351562,520.2100219726562,308.9100036621094,161.16000366210938,197.19000244140625,127.8386001586914,432.0799865722656,256.5299987792969,185.8300018310547,219.40499877929688,483.7300109863281,28.559999465942383,211.22000122070312,200.0399932861328,73.18000030517578,231.39999389648438
2026-01-07 20:56:00+00:00,259.9150085449219,136.9600067138672,338.2099914550781,292.4599914550781,261.2699890136719,293.5,113.66500091552734,422.8500061035156,292.1099853515625,209.8699951171875,341.5950012207031,241.6898956298828,632.6599731445312,115.69999694824219,1226.7099609375,344.05499267578125,621.6099853515625,95.19999694824219,5447.990234375,48.904998779296875,85.4800033569336,320.4599914550781,338.8599853515625,206.38499450683594,27.88010025024414,881.3400268554688,38.19499969482422,480.6600036621094,74.67500305175781,61.720001220703125,35.025001525878906,186.6300048828125,84.07499694824219,230.4499969482422,141.51300048828125,70.23500061035156,204.50999450683594,42.98500061035156,140.58999633789062,40.650001525878906,67.4000015258789,80.0199966430664,85.77999877929688,124.40499877929688,322.1499938964844,321.6600036621094,199.03500366210938,713.719970703125,175.66000366210938,42.52690124511719,651.0999755859375,592.22998046875,27.274999618530273,23.05500030517578,1359.5,433.8399963378906,202.88999938964844,319.375,73.875,51.584999084472656,2162.580078125,648.6500244140625,76.25,956.6699829101562,84.5199966430664,483.17498779296875,161.96499633789062,339.54998779296875,90.76499938964844,188.8800048828125,239.18499755859375,166.00999450683594,90.87999725341797,194.08999633789062,111.58000183105469,115.27999877929688,120.9000015258789,137.00999450683594,181.59500122070312,58.564998626708984,179.875,812.8699951171875,437.80999755859375,186.88499450683594,86.80000305175781,166.65240478515625,519.7374877929688,308.7250061035156,161.23500061035156,197.21499633789062,127.88999938964844,432.1689147949219,256.4200134277344,185.71499633789062,219.55999755859375,483.7099914550781,28.565000534057617,211.13999938964844,200.00999450683594,73.23500061035156,231.39500427246094
2026-01-07 20:57:00+00:00,260.1050109863281,137.05999755859375,338.17498779296875,292.69000244140625,261.260009765625,293.80999755859375,113.72419738769531,422.81500244140625,292.25,209.96499633789062,341.489990234375,241.61000061035156,632.4600219726562,115.83000183105469,1227.7650146484375,344.07000732421875,620.8200073242188,95.19000244140625,5451.5400390625,48.869998931884766,85.48999786376953,320.4200134277344,338.67999267578125,206.3000030517578,27.8799991607666,882.3300170898438,38.19499969482422,479.67999267578125,74.69499969482422,61.7400016784668,35.040000915527344,186.6999969482422,84.0999984741211,230.55999755859375,141.44000244140625,70.1050033569336,204.5,42.98500061035156,140.5050048828125,40.66999816894531,67.37999725341797,79.99500274658203,85.73999786376953,124.38500213623047,322.19000244140625,321.7099914550781,198.98500061035156,714.47998046875,175.84500122070312,42.60499954223633,651.030029296875,592.219970703125,27.270000457763672,23.04509925842285,1360.030029296875,433.7850036621094,203.0727996826172,319.4049987792969,73.86499786376953,51.56999969482422,2162.219970703125,648.6649780273438,76.2300033569336,957.6799926757812,84.57499694824219,483.29998779296875,161.75,339.6050109863281,90.69499969482422,188.88499450683594,239.44000244140625,165.75999450683594,90.88999938964844,193.91000366210938,111.62999725341797,115.31999969482422,120.91500091552734,137.0449981689453,181.55999755859375,58.577301025390625,180.14999389648438,812.52001953125,437.55499267578125,186.9199981689453,86.70500183105469,166.67999267578125,519.3150024414062,308.3623962402344,160.8000030517578,197.3300018310547,127.9000015258789,431.8599853515625,256.614990234375,185.69000244140625,219.5399932861328,483.7749938964844,28.579999923706055,211.13999938964844,199.72999572753906,73.2249984741211,231.2050018310547
2026-01-07 20:58:00+00:00,260.19500732421875,137.0399932861328,338.0,292.760009765625,261.2099914550781,293.739990234375,113.68000030517578,422.989990234375,292.06500244140625,209.8699951171875,341.6300048828125,241.57000732421875,632.3800048828125,115.66999816894531,1227.489990234375,344.0199890136719,621.2050170898438,95.16999816894531,5447.7001953125,48.83000183105469,85.43000030517578,320.3500061035156,338.3999938964844,206.3000030517578,27.885000228881836,882.2000122070312,38.16999816894531,478.8900146484375,74.69000244140625,61.6150016784668,35.05500030517578,186.67250061035156,84.1050033569336,230.4499969482422,141.40499877929688,70.11499786376953,204.47500610351562,42.9900016784668,140.4600067138672,40.6349983215332,67.33000183105469,79.99500274658203,85.73999786376953,124.4000015258789,322.25,321.7799987792969,199.02999877929688,714.1599731445312,175.8800048828125,42.575599670410156,650.9299926757812,592.3099975585938,27.2450008392334,23.030000686645508,1359.469970703125,434.010009765625,203.0,319.17498779296875,73.92500305175781,51.505001068115234,2160.679931640625,648.6300048828125,76.1449966430664,956.2899780273438,84.55500030517578,483.3599853515625,161.85000610351562,339.7200012207031,90.66500091552734,188.94000244140625,239.33999633789062,165.77000427246094,90.84049987792969,193.8699951171875,111.63500213623047,115.30999755859375,120.86499786376953,136.97999572753906,181.50999450683594,58.54499816894531,180.1999969482422,812.4500122070312,437.42999267578125,186.96499633789062,86.63500213623047,166.6999969482422,519.0900268554688,308.3299865722656,160.7899932861328,197.30999755859375,127.79499816894531,431.55999755859375,256.45001220703125,185.6699981689453,219.52999877929688,483.9599914550781,28.584999084472656,211.0500030517578,199.72000122070312,73.22000122070312,231.0800018310547
2026-01-07 20:59:00+00:00,260.3599853515625,137.00999450683594,338.135009765625,292.92999267578125,261.2200012207031,293.79998779296875,113.69999694824219,422.4100036621094,292.20001220703125,210.0,341.6600036621094,241.55999755859375,632.9400024414062,115.62999725341797,1229.02001953125,343.5,621.1599731445312,95.13999938964844,5444.14990234375,48.84000015258789,85.4000015258789,320.54998779296875,338.5150146484375,206.27000427246094,27.894699096679688,882.510986328125,38.20000076293945,478.7799987792969,74.70999908447266,61.65999984741211,35.04999923706055,186.72000122070312,84.11000061035156,230.52000427246094,141.47000122070312,70.11000061035156,204.49000549316406,43.0,140.47999572753906,40.61000061035156,67.3499984741211,80.01000213623047,85.7699966430664,124.33999633789062,322.4599914550781,322.0299987792969,199.50999450683594,714.1400146484375,175.91000366210938,42.61000061035156,651.239990234375,592.4199829101562,27.2450008392334,23.0,1359.8699951171875,434.1700134277344,202.97000122070312,319.2200012207031,73.95999908447266,51.5,2160.3349609375,648.6599731445312,76.16000366210938,959.3200073242188,84.66000366210938,483.4700012207031,161.6300048828125,338.6300048828125,90.71499633789062,189.24000549316406,239.4499969482422,165.7050018310547,90.83000183105469,193.88999938964844,111.61000061035156,115.30999755859375,120.98999786376953,137.0,181.7100067138672,58.5099983215332,180.2100067138672,812.364990234375,437.55999755859375,186.97000122070312,86.69999694824219,166.7100067138672,519.8200073242188,308.1990051269531,160.8800048828125,197.25,127.88999938964844,431.4200134277344,256.5950012207031,185.72999572753906,219.61000061035156,484.4700012207031,28.56999969482422,211.1199951171875,199.8699951171875,73.20999908447266,231.10000610351562
